1817
1100.78  1780.63  1252.64  1875.98
1201.7  792.35  1221.9  832.707
1306.94  424.046  1376.36  456.96
1231.85  744.518  1273.79  784.178
2600.11  1615.47  2742.8  1683.77
1096.58  1008.76  1108.32  1056.36
2518.88  1910.65  2703.63  1977.02
1202.65  885.792  1230.43  930.293
833.749  1562.11  962.053  1644.67
1407.59  1497.48  1523.6  1572.72
2167.64  1682.8  2330.44  1755.96
2371.42  1620.32  2554.08  1690.62
1573.35  1486.46  1716.4  1560.46
1849.38  1564.24  1967.46  1639.29
1447.52  1502.52  1556.25  1577.87
2252.62  1808.54  2440.85  1880.94
1105.7  644.41  1122.99  674.445
1165.91  1057.05  1186.15  1108.8
799.364  718.006  689.558  737.874
984.35  1549.76  1120.84  1630.2
1007.6  712.148  988.816  740.935
1387.99  871.48  1443.24  921.3
1584.35  601.513  1666.43  652.308
1326.56  904.197  1386.82  953.342
1248.93  675.877  1310.91  713.753
1220.7  1085.13  1245.27  1139.42
1599.66  1053.42  1703.09  1114.16
1322.65  794.46  1381.61  839.48
1007.32  875.569  984.004  913.163
812.932  752.799  707.376  775.554
1454.29  1449.67  1571.34  1522.58
1945.34  1374.4  2077.44  1445.53
1327.82  725.489  1387.14  768.364
1096.69  1770.99  1249.58  1865.78
1455.87  674.244  1528.86  720.926
2027.27  1304.6  2167.6  1375.19
1142.13  385.977  1185.57  407.987
1646.69  633.904  1751.29  688.179
2250.83  1685.82  2418.52  1757.73
1337.72  903.7  1396.8  953.181
1918.27  1381.62  2044.55  1452.71
1608.67  1537.11  1753.35  1612.73
1452.51  729.777  1532.12  777.674
1240.28  916.548  1270.61  963.597
1414.23  1491.11  1527.38  1565.98
1258.65  1562.69  1385.6  1642.17
1411.48  644.508  1483.32  688.415
2273.84  1684  2446.89  1755.5
1825.62  1575.96  1939.06  1651.6
926.55  990.408  881.514  1032.49
1600.3  686.282  1673.79  739.035
1226.79  995.09  1256.11  1045.15
2382.41  1818.06  2572.32  1887.84
1894.67  1646.06  2019.75  1722.63
1210.88  787.134  1246.32  827.614
1749.8  1030.33  1850.79  1093.84
1039.6  1562.61  1183.45  1643.61
1202.13  1157.97  1240.54  1215.64
1218.22  1089.11  1240.1  1143.45
1596.76  701.517  1670.69  754.549
1504.65  1571.31  1620.09  1649.25
2335.44  1860.91  2530.17  1931.77
1952.83  1373.73  2082.85  1444.75
2579.86  1716.6  2723.12  1783.72
1287.94  339.07  1348.4  368.444
1530.85  643.231  1606  692.275
1567.64  1501.92  1713.2  1576.4
958.671  1770.46  1100.69  1868.1
2357.84  1844.38  2557.57  1914.43
1605.94  1717.91  1752.88  1800.71
1614.11  1057.46  1724.07  1118.75
1514.59  794.448  1603.7  846.485
1102.24  1772.97  1256.64  1867.6
1412.83  1744.04  1525.44  1831.51
1381.4  865.282  1434.35  914.773
1412.8  1485.54  1526.44  1560.35
1384.43  879.295  1440.2  929.122
1317.25  402.315  1386.69  435.12
1615.16  1236.62  1722.23  1302.52
2014.43  1298.6  2155.03  1368.98
537.869  1827.54  608.963  1940.29
1126.19  617.532  1154.47  647.312
1424.7  1489.78  1539.51  1564.48
2311.19  1827.01  2504.96  1898.08
785.182  1772.6  907.642  1874.14
1529.82  1099.36  1612.26  1160.2
890.005  1566.21  1022.13  1648.49
1846.59  918.859  1966.64  983.411
2302.89  1858.97  2497.18  1930.37
1235.07  1164.67  1277.92  1223.25
1103.59  1562.68  1251.63  1642.93
1303.83  710.316  1364.09  751.534
2367.69  1711.08  2551.59  1781.03
1222.72  1533.98  1354.07  1612.09
1101.21  1551.89  1247.97  1631.78
1794.61  1077.06  1900.06  1142.01
1534.65  1706.93  1662.76  1790.32
1104.01  761.571  1113.12  797.018
1110.03  756.299  1119.34  791.73
1858.54  1622.54  1980.2  1699.09
1890.41  63.3637  2013.54  132.386
1185.57  908.905  1211.35  953.759
1481.43  896.743  1569.58  950.455
738.668  1034.07  618.3  1074.36
1371.85  574.855  1440.01  614.97
1577.92  1483.69  1722.26  1557.74
2378.54  1903.61  2579.69  1973.55
2506.65  1718.66  2658.1  1787.09
1312.08  1338.88  1394.48  1406.79
1132.18  1177.1  1146.85  1234.87
1120.38  648.863  1135.74  679.557
1191.93  1157.44  1229.85  1215.03
1117.62  629.14  1148.29  659.363
1332.49  905.472  1390.83  954.615
783.65  787.878  660.349  811.511
2511.96  1746.66  2671.56  1814.31
1765.87  1491.05  1880.22  1564.53
1351.37  576.61  1419.08  615.774
959.411  1778.32  1099.83  1876.3
1326.3  864.495  1385.69  912.329
1278.92  762.567  1338.08  805.016
1517.68  389.311  1584.16  433.564
962.841  1564.14  1099.74  1646.02
685.624  1743.2  774.091  1843.94
1787.75  1484.74  1897.41  1557.98
1615.99  1734.27  1771.89  1817.15
1235.59  968.692  1264.11  1018.07
2289.46  1704.54  2464.86  1776.15
1490.38  1350.08  1606.42  1419.24
1494.88  1351.41  1614.88  1420.61
1628.58  1059.71  1738.23  1120.99
1196.16  1164.83  1236.72  1222.45
1092.93  1550.16  1236.59  1630.09
1237.79  1044.69  1271.38  1097.15
2313.85  1879.38  2507.51  1950.54
1164.65  1065.77  1170.39  1118.15
1098.04  1575.21  1244.55  1656.27
1217.23  1537.71  1349.28  1616.16
900.353  1068.22  846.65  1114.64
2294.77  1853.05  2488.99  1924.99
2617.37  1709.19  2742.73  1775.84
1093.59  1558.22  1239.19  1638.17
2373.88  1780.61  2569.4  1850.18
1154.35  1766.61  1302.29  1860.22
1789.88  1473.65  1898.64  1546.57
1395.84  587.391  1467.55  629.429
1688.05  1012.95  1792.6  1074.97
975.468  1770.55  1120.66  1867.47
1464.99  1171.63  1535.23  1233.98
2353.15  1859.25  2550.59  1929.83
1202.01  536.916  1253.54  567.827
2281.63  1802.67  2468.4  1874.2
1230.37  497.334  1290.16  528.435
1934.83  1397.91  2070.05  1469.04
1858.55  1272.17  1981.45  1340.99
1484.94  440.481  1549.16  483.767
1107.05  751.522  1115.77  786.71
1143.44  1078.33  1169.63  1130.98
2250.5  1706.27  2421.23  1778.03
765.003  1761.88  877.12  1863.1
1069.06  965.756  1054.25  1010.53
868.038  1771.4  1001.95  1870.63
1923.84  1408.49  2058.46  1480.32
1599.5  1721.75  1746.56  1804.42
1277.95  758.412  1335.17  800.749
2449.34  1706.27  2606.02  1775.13
1405.45  1490.46  1533.19  1565.01
2631.61  1811.22  2784.02  1875.94
1611.35  1048.03  1718.62  1108.61
1673.98  1003.92  1781.41  1064.88
2348.02  1845.95  2546.3  1916.05
1081.62  806.195  1087.44  843.103
2367.97  1777.13  2562.53  1846.76
2283.68  1703.55  2458.7  1775.33
1139.87  754.423  1150.14  790.45
1103.84  1767.49  1255.98  1862.15
1453.04  1108.22  1518.78  1167.52
1366.55  869.511  1422.82  918.882
2123.27  1476.36  2278.69  1548.65
1530.39  1428.1  1656.26  1499.77
1614.94  1250.3  1728.08  1316.4
1145.29  1760.94  1295.05  1854.39
754.34  1759.71  870.596  1860.94
829.56  1572.81  955  1655.97
1362.45  865.846  1421.29  914.988
1564.79  423.924  1630.17  470.731
1328.04  731.556  1387.31  774.264
1466.7  1061.25  1544.27  1119.84
1201.17  800.248  1229.59  841.304
1313.62  795.455  1371.54  840.491
2446.14  1386.43  2604.31  1458.8
1379.46  1441.8  1490.72  1514.84
1380.48  873.054  1435.78  923.016
1121.84  640.542  1137.88  671.478
572.695  1716.04  608.684  1816.51
2192.58  952.799  2354.2  1026.63
1257.58  665.53  1319.79  703.084
1456.1  1451  1578.07  1524.33
1529.68  1448.29  1660.89  1521.37
1105.57  631.12  1123.25  660.934
1141.62  817.628  1154.87  857.299
1057.03  1140.88  1030.99  1194.85
1210.88  447.466  1263.49  475.902
1556.03  1443.22  1697.83  1516.02
1048.91  1775.3  1198.16  1870.97
1828.34  1025.76  1936.69  1091.19
1520.81  636.667  1592.96  684.851
1045.95  1517.73  1191.77  1595.14
1788.64  1028.33  1893.7  1092.95
1986.68  1387.66  2123.4  1459.36
1452.42  1338.88  1560.34  1406.84
1105.22  658.08  1128.19  689.133
1000.17  594.804  980.159  617.696
518.999  1686.42  531.648  1784.85
1204.09  609.813  1253.68  642.816
1311.86  334.118  1371.06  365.287
1134.78  1129.28  1167.12  1184.64
1199.05  602.992  1253.11  636.323
1518.99  386.86  1578.39  430.464
1681.98  1118.26  1798.33  1181.73
1386.26  866.372  1441.59  916.341
1515.79  1439.47  1652.06  1512.23
1021.54  588.783  1003.9  611.651
1643.36  1019.02  1765.6  1080.33
2331.99  1853.25  2534.3  1924.39
1312.97  1336.66  1388.64  1403.9
1970.9  1342.38  2105.9  1413.53
838.066  1554.72  966.157  1637.05
2514.19  733.492  2648.09  821.27
1225.31  1185.98  1264.59  1244.93
2201.89  1682.87  2366.66  1755.12
1409.87  1489.82  1520.12  1564.31
1568.14  601.499  1646.72  651.137
1662.76  1078.43  1778.92  1141.48
1187.17  979.615  1212.85  1028.44
1306.38  1050.2  1348.49  1105.06
1500.76  629.148  1582.44  677.175
1439.14  572.031  1535.26  615.27
1106.88  1553.49  1256.7  1632.83
1981.31  1376.63  2112.42  1448.28
1376.75  369.27  1462.95  404.643
1141  394.143  1177.27  415.797
1370.85  587.55  1436.12  627.672
968.116  1579.17  1104.7  1661.47
1608.21  1029.27  1724.19  1089.18
1434.19  972.152  1499.59  1027.11
2329.32  1852.64  2528.38  1923.02
895.914  1551.87  1027.72  1633.58
1695.82  1003.27  1801.88  1064.56
1305.25  703.62  1363.45  744.343
1056.72  922.952  1037  964.271
1462.12  1506.06  1578.22  1581
1140.38  632.445  1160.78  664.034
1153.12  1761.14  1301.71  1854.62
591.269  1787.03  640.359  1895.17
1845.54  1270.49  1964.3  1339.92
1257.94  498.539  1320.74  531.374
1356.33  864.056  1408.03  913.076
1230.95  974.977  1258.83  1023.81
1396.51  1346.91  1498.79  1415.83
1105.46  636.268  1123.27  666.439
1316.18  413.589  1382.18  446.217
1112.63  892.883  1123.22  935.369
1038.09  1549.71  1180.84  1630.25
1221.89  1135.83  1257.43  1192.13
890.082  1120.19  815.369  1170.75
1544.72  598.921  1618.72  647.328
950.171  1767.78  1091.43  1865.79
1881.75  1392.73  2001.56  1463.53
1174.17  1536.92  1310.51  1615.82
997.47  873.075  971.637  910.75
1039.27  1734.27  1186.89  1827.98
1307.46  1338.22  1380.72  1405.41
1710.26  1026.5  1814.36  1088.49
1170.77  1136.84  1204.59  1193.36
1218.74  1169.83  1258.53  1227.75
1401.55  1484.67  1514.66  1558.82
572.655  1813.37  638.121  1924.54
951.918  1576.67  1089.26  1658.81
2369.28  1822.41  2569.45  1892.81
2285.93  1880.91  2477  1953.58
1232.34  1144.1  1267.7  1200.93
1411.41  1470.76  1523.27  1545.32
1985.55  1381.12  2122.25  1452.92
1522.55  1456.28  1646.27  1528.82
1042.39  1558.64  1187.07  1638.7
2547.77  326.337  2672.27  430.281
2339.82  1705.14  2519.68  1776.28
1926.92  1398.55  2051.29  1469.43
1946.49  1379.17  2076.5  1450.91
2620.75  1691.34  2744.9  1759.02
1542.78  461.18  1605.3  507.043
1293.89  1490.91  1405.13  1566.84
1313.35  909.111  1367.61  958.583
1467.1  695.408  1548.27  742.511
1377.65  636.893  1451.51  679.775
963.136  1553.41  1099.99  1633.7
2419.11  1482.59  2588.02  1554.12
786.177  1767.2  908.121  1868.68
2004.78  1397.79  2146.31  1469.83
1479.53  453.072  1542.98  496.603
2169.6  1874.42  2352.38  1950.02
1930.35  1395.36  2060.74  1467.32
1795.38  1048.71  1900.44  1113.98
1619.9  1208.95  1739.41  1274.81
847.037  1159.49  745.273  1212.25
1162.2  607.413  1196.75  639.226
2365.4  1818.2  2552.73  1888.89
1589  1339.87  1727.67  1409.39
1408.51  361.672  1477.65  399.574
1182.36  295.886  1209.3  316.499
1145.96  1342.87  1183.31  1409.53
1555.25  647.214  1627.68  696.851
477.049  414.742  295.216  396.276
1168.42  1538.53  1300.29  1617.7
1611.76  630.799  1689.33  683.858
1986.74  1402.46  2125.16  1474.57
1267.92  488.727  1333.96  520.716
1826.84  1023.71  1941.74  1089.35
1204.48  1376.81  1254.97  1446.86
1008.74  701.039  990.457  729.951
1596.38  374.79  1675.51  423.939
2390.54  763.817  2550.32  845.62
2391.72  1871.79  2591.9  1941.82
1210.32  1061.87  1238.65  1115.43
1497.79  1119.31  1575.1  1179.44
1439.77  1498.57  1553.14  1573.12
1266.33  873.638  1316.12  920.334
1230.48  793.861  1270.66  836.074
1332.31  149.273  1361.8  177.57
1208.38  1034.02  1239.28  1086.2
1985.18  1352.1  2121.94  1423.65
1463.15  1575.02  1577.92  1652.9
956.696  1572.34  1094.63  1654.01
1135.45  899.479  1160.29  941.9
1306.54  341.004  1367.14  370.996
2193.48  1704.1  2356.9  1776.41
1301.09  708.565  1358.49  749.078
859.813  1671.99  987.469  1764
1074.91  498.887  1089.5  520.447
2023.32  1284.82  2164.53  1355.95
1370.2  483.506  1439.53  522.047
1044.14  1550.4  1187.86  1631.11
1179.05  916.788  1205.65  961.318
954.023  637.974  921.781  659.755
1852.12  1619.62  1973.3  1695.31
2160.63  1874.05  2342.17  1949.99
1452.42  1338.88  1566.9  1406.5
1404.06  359.005  1477.21  396.73
1540.31  1118.79  1624.56  1179.59
1141.8  356.389  1194.63  378.115
1471.41  1144.76  1540.21  1206.67
1375.76  876.199  1432.93  925.091
1228.45  966.404  1255.53  1014.57
988.396  925.013  955.377  964.175
1237.8  1044.9  1277.31  1096.92
1180.51  1018.05  1207.3  1068.86
2254.25  1878.39  2443.67  1950.59
2474.39  1765.94  2635.66  1835.03
833.738  1551.99  959.176  1634.45
1461.6  1116.32  1531.33  1177.08
968.061  1766.36  1109.51  1864.12
2489.04  1703.25  2640.55  1772.6
1122.82  634.017  1139.13  665.098
1586.6  1747.97  1732.45  1831.54
1800.46  1474.76  1911.5  1547.19
1180.83  669.358  1208.47  703.11
1908.62  45.0421  2033.85  116.245
1333.23  913.712  1391.74  962.647
1487.58  986.939  1565.16  1044.01
1657.75  1323.1  1794.02  1392.61
982.211  1719.59  1119.26  1813.51
931.471  1102.29  880.303  1152.63
1646.19  1085.12  1765.48  1148.33
1043.83  1766.52  1192.97  1862.75
1288.73  127.907  1314.04  152.685
891.957  1073.87  832.765  1121.49
1210.38  1189.7  1251.05  1248.31
1487.49  593.062  1559.05  638.474
1449.4  1727.77  1582.99  1814.4
1080.1  1143.57  1059.1  1197.69
1427.79  362.163  1500.49  399.899
968.783  1545.8  1106.04  1626.82
742.258  1507.39  857.202  1586.74
1338.87  910.819  1396.22  959.779
1233.24  980.425  1263.41  1030.82
2321.32  1904.55  2517.08  1975.1
1926.98  365.339  2061.2  434.046
1334.39  899.694  1393.6  949.64
1575.9  1526.09  1711.29  1600.85
788.154  578.182  668.184  589.228
992.317  834.56  966.818  868.597
2692.34  1787.98  2814.92  1853.26
1952.8  1256.62  2082.73  1327.05
1585.05  698.442  1659.24  750.094
845.414  1736.38  967.962  1834.23
800.625  1772.6  922.294  1874.49
1341.36  1500.05  1496.1  1574.63
2041.59  1388.01  2189.68  1460.18
1560.99  654.017  1631.47  705.409
2156.89  1680.34  2316.08  1752.87
1166.85  1007.74  1192.67  1056.22
2352.69  1819.2  2540.12  1890.37
505.501  1680.87  502.622  1778.65
863.292  1731.62  987.381  1828.76
1230.08  1185.66  1271.11  1244.27
1410.6  411.919  1441.77  450.693
1268.48  491.606  1329.36  525.075
1605.85  1067.47  1712.95  1129.53
1360.51  524.635  1423.1  563.788
1085.74  973.267  1107.25  1019.51
1459.6  740.502  1538.3  788.192
1363.79  129.891  1399.62  160.351
1040.06  910.23  1023.77  951.647
1494.78  412.773  1559.91  456.692
1420.11  1475.95  1531.76  1549.35
1995.56  1393.89  2132.71  1466.13
1050.12  1780.96  1197.68  1876.59
2020.16  1291.92  2160.79  1363.24
2362.95  1893.47  2563.21  1964.44
1465.17  1162.52  1535.47  1225.11
849.294  956.483  809.645  995.165
1321.81  429.074  1387.97  462.082
1283.07  337.746  1343.28  366.05
1373.1  492.175  1440.22  531.215
1996.5  1400.52  2134.17  1472.84
1489.09  404.897  1561.71  446.808
1509.28  1302.12  1615.05  1368.54
1381.37  1705.77  1497.29  1790.96
755.658  1766.67  868.6  1869.07
1102.43  1574.84  1250.81  1655.2
2367.75  1619.37  2547.72  1690.58
2259.98  1877.15  2447.29  1949.08
2300.19  1885.78  2501.08  1956.6
1668.62  1308.88  1801.5  1376.49
985.949  1724.76  1123.38  1819.13
1778.12  1004.5  1882.93  1069.01
1866.03  1407.11  1985.01  1477.81
1595.35  1394.6  1735.14  1466.21
2055.86  1663.34  2198.18  1737.12
1504.53  1556.41  1620.43  1632.92
1348.25  1553  1465.88  1630.44
2405.9  767.791  2557.61  851.464
1275.72  917.195  1317.69  966.145
1314.87  835.371  1380.27  882.459
1227.72  941.979  1253.75  990.587
1113.65  636.019  1133.75  666.948
1246.42  492.56  1308.1  524.976
1216.01  946.249  1241.82  994.734
753.751  469.016  628.958  469.726
1470.12  412.466  1537.58  455.095
1402.91  369.346  1478.07  407.433
1354.92  1442.1  1444.35  1514.07
1287.67  193.868  1305.06  220.044
981.961  764.496  949.73  795.891
1207.12  599.389  1258.06  631.647
963.174  544.74  897.758  561.572
1768.33  1331.5  1879.84  1402.09
684.787  1747.24  763.239  1847.82
1231.54  1087.8  1258.33  1141.51
974.046  1720.7  1111.07  1815.01
1466.9  1151.95  1536.8  1214.27
1307.02  1390.75  1387.8  1460.14
2317.56  1882.33  2512.65  1952.73
2386.57  1869.72  2587.66  1940.14
962.673  1766.44  1103.89  1864.5
2101.84  1691.73  2255.85  1765.1
1201.87  1174.71  1237.75  1232.25
1324.09  811.466  1383.48  858.029
1653.39  973.186  1779.17  1034.29
1254.75  676.118  1315.4  713.344
1433.21  1501.26  1546.5  1575.67
2455.62  1705.68  2609.77  1775.7
1038.31  1556.32  1181  1637.75
1707.62  1020.31  1814.65  1083.58
2353.67  1842.17  2552.5  1911.49
997.384  725.699  974.214  755.7
2388.34  1911.47  2589.02  1980.08
1279.09  476.191  1345.61  509.955
1142.13  385.977  1178.8  408.794
1332.94  162.692  1365.06  189.743
1713.34  1005.08  1821.11  1066.33
2195.33  193.875  2355.95  282.282
1318.87  1526.18  1437.74  1602.31
1431.67  1482.26  1551.93  1555.73
989.433  893.377  964.287  930.498
1513.55  387.647  1578.39  430.464
1769.41  56.8934  1874.11  117.671
1451.48  673.366  1534.11  720.826
765.003  1761.88  883.126  1863.72
1385.55  1748.39  1499.69  1835.73
1406.15  1755.39  1523.37  1842.69
1089.36  1545.73  1232.98  1626.13
1354.93  1699.17  1468.57  1784.3
1554.94  1714.4  1706.22  1798.7
1318.55  1340.42  1399.86  1407.28
1368.37  568.54  1435.96  609.47
1754.47  1814.38  1900.29  1896.97
1242.34  902.691  1271.77  948.161
1125.45  636.117  1144.52  667.687
1849.07  1613.82  1969.35  1689.1
1229.61  899.59  1256.87  944.531
1443.57  1098.09  1518.38  1156.18
1378.34  461.92  1453.62  500.753
777.516  855.244  647.814  882.524
955.678  1765.03  1097.18  1863.2
2455.62  1705.68  2614.57  1773.73
1859.78  1400.33  1978.95  1470.75
1738.77  1499.9  1853.41  1574.92
1512.27  1302.67  1621.34  1368.97
2049.56  1386.81  2196.83  1459.2
912.61  1341.32  880.288  1406.53
2279.69  1803.24  2462.51  1876.14
1147.3  1774.01  1296.72  1866.99
1777.83  999.194  1887.07  1063.8
1007.82  591.938  982.472  613.605
947.949  797.045  905.278  829.067
1708.11  832.847  1803.74  893.067
1600.96  1239.96  1712.45  1304.91
1372.7  477.756  1440.6  516.624
2144.91  1676.41  2303.52  1748.84
999.259  720.074  970.569  747.856
1036.82  611.977  1032.07  638.229
1430.8  1439.66  1542.18  1511.19
1201.29  888.078  1226.04  933.662
2326.26  1770.15  2514.61  1839.89
1131.15  852.193  1142.7  893.822
2319.54  1834.14  2514.32  1906.22
2612.77  1693.32  2737.83  1761.55
1814.76  1021.15  1926.43  1086.92
1557.81  640.593  1634.85  691.91
1017.32  528.811  1023.25  550.316
727.147  862.986  599.809  891.175
2408.1  406.776  2540.11  500.856
1304.42  911.455  1355.75  961.227
1633.63  1051.63  1729.34  1114.1
1517.47  419.186  1582.86  464.707
1322.25  165.27  1359.39  193.709
1473.32  1696.92  1592.24  1779.99
2080.81  1476.31  2235.08  1549.49
1245.53  425.85  1311.15  456.398
1585.32  683.672  1657.66  736.914
1724.52  1486.29  1845.9  1561
1450.15  1499.46  1560.59  1573.58
1211.62  950.966  1235.99  999.749
2028.73  1263.37  2167.44  1334.8
1230.15  941.685  1260.56  988.411
2393.08  1275.81  2566.99  1350.01
1149.38  623.775  1182.56  653.963
2425.5  466.777  2563.57  559.911
1384.91  371.916  1463.64  409.263
1537.95  1440.64  1670.55  1514.16
1315.32  426.804  1394.79  461.488
1554.28  364.01  1635.06  408.899
1099.85  381.469  1130.37  399.489
1258.42  1089.46  1293.71  1143.56
974.103  631.149  937.338  655.249
1859.91  1002.08  1984.75  1068.72
2554.79  605.149  2682.34  697.13
1292.99  1477.16  1407.03  1552.9
1555.2  418.166  1619.71  465.821
2374.54  1761.45  2562.66  1832.47
1176.54  922.883  1204.12  969.442
1720.61  1029.55  1829.06  1093.49
1441.8  997.255  1508.87  1051.65
1493.54  384.915  1556.2  428.616
1353.93  582.784  1424.12  623.608
1161.23  817.381  1175.92  858.519
2415.84  1820.98  2607.28  1891.12
1913.38  876.22  2038.76  943.425
1509.57  1457.65  1627.62  1529.69
2381.23  587.658  2540.64  675.422
1220.54  294.551  1262.4  317.209
1231.1  1193.09  1270.97  1251.74
1590.08  1502.29  1732.8  1575.65
1361.51  135.303  1397.02  166.036
2422.32  1140.54  2583.77  1214.84
1297.4  1713.28  1417.68  1799.86
1281.76  152.749  1306.86  177.987
1278.92  1083.73  1324.88  1140.25
2203.93  1145.74  2369.05  1219.16
1782.01  184.623  1887.77  245.718
1351.08  1348.17  1434.38  1415.36
1136.61  1763.91  1283.07  1858.62
960.871  695.997  934.565  723.11
976.643  1544.27  1113.87  1625.56
1083.24  503.215  1103.25  527.301
2383.38  1865.61  2584.15  1936.38
963.78  1545.5  1100.44  1626.97
2049.77  1089.57  2191.2  1160.65
1467.41  1116.61  1533.96  1177.95
1821.68  1022.14  1933.36  1088.2
1509.14  630.703  1586.45  677.474
418.131  1565.19  226.563  1652.54
1796.02  1492.27  1911.5  1564.65
1104.55  1737.77  1255.55  1831.24
1262.28  666.147  1327.5  703.082
2099.51  1278  2251.05  1350.18
1687.76  891.815  1809.29  950.193
2091.59  1673.42  2240.33  1746.45
2384.04  1905.08  2579.69  1973.55
715.961  1036.5  576.464  1075.34
1208.27  797.302  1241.06  836.93
2419.46  1822.38  2622.13  1892.39
1145.14  801.139  1159.71  841.067
1605.85  1268.82  1715.4  1336.96
2037.46  1283.29  2173.94  1355.11
1767.24  1484.89  1878.42  1559.66
825.944  1766.19  957.351  1867.36
862.512  1766.55  995.503  1867.02
2188.6  1706.79  2351.08  1778.6
2398.5  1503.4  2571.81  1575.48
2087.49  1277.07  2237.38  1349.2
930.96  772.426  880.618  802.575
1270.17  665.611  1337.57  705.365
871.561  1080.28  812.349  1128.45
1055.69  1145.55  1029.4  1201.41
1431.83  397.185  1495.7  435.18
1624.14  1211.29  1744.5  1277.95
1222.58  790.819  1256.81  830.663
1279.42  151.476  1300.77  176.576
1147.04  403.205  1182.1  424.669
2288.92  1851.95  2488.99  1924.99
1149.42  1087.21  1173.77  1141.47
1476.04  412.88  1541.59  456.243
843.233  1546.66  971.083  1629.19
2230.09  1849.84  2420.24  1924.36
1482.05  1596.06  1597.12  1674.08
1047.07  1768.77  1198.47  1865.63
1746.18  1016.83  1852.1  1081.26
1077.38  1132.66  1088.99  1188.14
1436.75  1510.97  1549.34  1585.44
1279.53  467.59  1344.57  501.476
922.252  955.289  881.642  993.782
984.095  1543.56  1120.57  1624.88
1692.37  1515.19  1800.38  1591.24
2459.85  1754.54  2639.52  1821.71
2628.56  423.15  2726.53  525.114
1045.33  1544.29  1189.07  1625.22
1148.26  774.71  1160.47  813.604
2488.54  834.825  2622.76  917.131
995.801  1184.69  953.748  1239.5
1123.56  361.986  1157.02  380.527
2410.28  1485.96  2576.8  1558.26
1330.59  648.008  1393.74  687.16
1125.43  852.348  1137.64  894.099
2108.07  1278.51  2260.64  1350.88
1267.1  486.231  1328.21  520.007
832.458  1273.09  740.519  1332.36
1618.32  892.378  1740.88  951.307
887.117  476.035  808.462  487.333
1293.77  506.342  1358.56  542.155
1491.55  407.212  1556.14  448.69
1139.28  1117.05  1167.8  1170.08
2514.61  1750.45  2672.39  1819.59
1184.54  912.644  1210.95  959.17
1358.73  578.569  1425.52  619.681
1472.6  691.188  1552.79  740.333
2399.08  420.878  2543.31  511.769
2315.87  1268.82  2465.46  1342.86
1314.82  861.01  1374.63  909.512
1178.59  1196.9  1211.08  1254.85
1467.99  906.985  1541.94  961.741
1415.22  1031.52  1473.85  1088.98
1197.6  740.298  1241.96  779.844
2065.13  457.455  2213.6  533.258
1509.87  1452.08  1630.36  1523.67
1368.57  582.298  1435.47  621.247
1408.02  1475.94  1518.04  1548.83
1162.16  1052.34  1184.9  1102.37
1828  909.977  1940.15  975.151
1888.41  942.081  2009.77  1009.17
1136.15  1145.41  1170.16  1199.9
1275.66  262.924  1326.48  290.949
1477.05  1645.32  1586.93  1728.4
2047.61  1657.27  2191.49  1730.52
1404.77  883.865  1459.54  935.973
1459.82  775.021  1545.61  825.868
1186.26  1130.22  1219.69  1184.73
819.052  1148.4  745.292  1197.86
1225.91  1198.24  1267.49  1256.84
1489.34  1709.02  1624.13  1794.71
528.6  1659.67  524.516  1754.29
2422.69  1826.36  2625.42  1896.45
1678.33  1013.04  1783.8  1075.99
1176.93  955.128  1203.6  1000.69
1201.92  864.403  1230.28  906.526
2301.91  1823.45  2480.5  1893.62
1832.23  905.747  1944.47  971.024
1250.64  488.962  1304.22  521.939
1923.54  1542.54  2048.29  1615.13
1154.43  1106.32  1182.47  1158.99
1318.85  856.551  1379.36  905.073
2058.62  1658.39  2205.34  1731.47
1197.18  872.153  1226.25  914.46
1463.82  666.431  1547.91  714.713
1741.95  1030.78  1845.21  1095.48
2107.88  1690.62  2260.09  1763.4
1596.83  1716.52  1741.08  1797.9
963.98  1558.97  1101.66  1638.82
1861.73  903.874  1981.09  970.007
1051.89  1543.69  1194.69  1624.66
1284.35  480.777  1348.86  515.439
1134.97  640.553  1153.41  673.198
1156.12  1172.54  1190.53  1228.76
836.252  860.132  737.016  889.417
1204.52  1192.34  1233.92  1250.31
1267.63  1415.19  1328.61  1485.37
1775.69  1483.65  1887.11  1558.57
2648.92  1160.52  2769.47  1240.14
2362.66  1712.07  2542.88  1780.84
1199.22  595.401  1252.92  626.611
1881.71  904.143  2004.47  970.873
2414.68  1493.44  2587.7  1565.73
1361.04  876.624  1420.64  924.326
1167.98  1132.37  1200.68  1186.61
1266.31  1345.22  1329.23  1411.66
1308.33  418.016  1377.89  452.308
1110.14  1210.81  1111.14  1268.6
1080.54  1732.18  1226.31  1825.99
1908.4  876.115  2033.45  943.483
1784.94  1002.37  1894.91  1067.63
511.451  398.986  343.43  382.462
1441.53  1503.41  1551.47  1577.36
1630.43  759.843  1710.97  816.609
1628.35  588.32  1713.31  639.5
560.829  1809.5  621.198  1918.58
1161.34  1192.14  1174.43  1252.46
1171.88  1005.22  1180.9  1052.98
1153.31  1125.62  1183.94  1179.23
1226.98  788.676  1266.08  831.394
1273.7  753.607  1331.11  796.81
1107.55  622.672  1123.6  653.335
2401.1  1595.49  2559.29  1664.32
984.558  778.472  962.646  811.403
992.361  817.496  968.141  849.856
2725.72  1888.94  2851.15  1949.62
1565.34  470.789  1631.17  517.076
1142.12  1768.66  1293.4  1860.85
1298.48  1695.32  1417.48  1780.49
1778.91  893.999  1883.41  957.721
1082.83  538.518  1096.99  564.358
1128.33  824.765  1137.13  865.448
1979.01  1354.71  2116.74  1427.13
1495.78  1441.14  1610.43  1512.18
1267.16  501.046  1325.98  535.435
2273.54  1827.66  2462.52  1898.22
1081.94  1543.86  1229.3  1624.71
1169.59  1201.43  1197.12  1259.34
1585.12  62.667  1660.74  109.967
2286.9  1874.74  2477.06  1948.34
2065.93  1854.74  2233.93  1930.59
1546.49  652.806  1618.46  704.313
1559.51  826.29  1663.83  882.09
2466.76  495.078  2603.6  589.689
1277.31  1500.39  1460.18  1574.3
1859.01  207.472  1977.2  274.015
2092.09  1691.69  2245.7  1764.58
1850.58  1615.54  1963.23  1690.36
1081.58  627.786  1091.67  657.482
2464.34  917.363  2611  999.795
1554.32  654.055  1624.03  705.911
952.15  833.785  915.838  865.566
1394.22  574.859  1464.53  614.683
1845.76  495.249  1959.91  559.554
1603.92  1054.29  1720.03  1116.73
2631.46  1809.47  2777.44  1873.05
935.561  955.938  891.441  994.592
2323.42  1881.62  2519.45  1954.31
1700.83  834.931  1792.24  895.455
1859.91  1002.08  1978.38  1069.15
1443.45  1393.33  1550.24  1462.36
1160.7  1102.1  1189.69  1154.52
2537.64  185.764  2659.41  296.032
1452.75  705.076  1536.28  750.87
1839.36  1571.65  1954.01  1645.43
2619.98  1734.21  2748.14  1802.28
1189.35  665.139  1219.43  701.403
2439.38  1708.87  2601.51  1779.68
1221.36  1127.39  1254.91  1182.19
1064.52  481.744  1083.17  504.311
1277.24  1178.43  1319.8  1236.58
1150.46  1175.21  1183.36  1234.52
2329.81  1825.34  2515.27  1897.82
1220.49  452.07  1276.44  482.444
980.528  623.28  930.424  647.619
929.693  764.038  873.79  790.764
1227.43  1088  1250.18  1144.13
2286.85  1841.66  2480.23  1915.07
1205.93  952.782  1230.5  1002.01
1112.34  980.982  1130.32  1029.12
2086.69  1712.92  2241.83  1786.11
2429.01  1755.5  2607.48  1822.93
1715.1  841.72  1802.76  899.619
880.694  1544.44  1010.53  1626.85
2329.84  1466.84  2509.5  1539.72
1703.78  1042.54  1793.25  1106.83
1099.55  471.989  1126.97  496.201
921.865  990.25  871.952  1030.63
1791.62  1001.86  1901.87  1067.43
1198.37  1194.13  1233.34  1251.92
1366.35  91.5623  1401.29  122.384
1786.5  998.512  1900.33  1063.93
930.444  1430.6  917.389  1505.07
1244.84  1153.19  1283.21  1209.58
1229.82  1137.8  1266.97  1196.46
1189.82  296.837  1215.58  316.897
1374.14  471.588  1442.69  511.009
1365.07  579.271  1428.66  620.968
1861.98  686.613  1978.47  751.88
2411.77  1344.78  2580.9  1418.82
1925.98  1325.15  2055.1  1397.13
1115.81  903.859  1139.25  948.204
928.966  448.264  900.179  461.343
2283.91  1229.8  2480.57  1304.05
1884.83  900.802  2011.17  967.818
1440.68  834.459  1539.51  883.322
2044.54  1085.98  2187.68  1157.43
1843.57  1560.64  1961.06  1634
902.346  1545.04  1034.03  1627.39
2495.82  1723.73  2650.85  1790.4
1149.07  1112.85  1174.63  1165.52
2128.36  647.264  2288.97  723.777
1884.76  906.824  2009.73  973.881
1582.8  675.672  1654.26  729.256
1505.96  348.805  1568.44  389.867
1118.01  853.592  1130.01  895.494
1634.55  964.273  1735.5  1022.05
1844.07  884.543  1957.56  950.254
1164.03  909.836  1184.58  955.933
1514.43  462.713  1573.67  509.32
1832.38  984.69  1945.35  1051.06
1468.67  671.833  1549.75  720.693
1166.55  851.962  1179.73  895.401
1562.04  643.858  1635.3  696.032
1953.19  1350.15  2085.6  1422.62
1152.33  1135.28  1180.55  1189.18
2087.02  1719.04  2243.45  1792.2
1538.77  420.672  1602.63  468.02
967.208  1573.22  1103.16  1653.82
2041.07  1684.39  2190.79  1757.78
1456.46  634.358  1528.77  678.341
1473.73  788.491  1563.17  837.117
1401.93  397.63  1482.73  437.129
2024.16  756.748  2164.26  828.213
1079.34  1256.26  1069.17  1316.2
514.074  384.611  337.94  367.32
904.471  987.578  849.394  1027.23
1433.78  806.657  1509.51  857.744
1875.53  938.602  1996.99  1005.67
2389.95  1083.28  2559.44  1160.93
1975.04  568.867  2111.89  639.426
2379.24  1343.86  2557.55  1417.83
1988.28  1663.46  2126.63  1737.29
1826.86  986.037  1939.96  1052.34
825.475  1745.81  948.8  1845.79
1442.48  852.727  1509.16  905.438
1228.95  1249.2  1259.26  1310.15
1617.84  1210.44  1733.07  1277.47
1139.81  1131.23  1167.12  1184.64
727.04  1026.17  595.485  1063.97
2517.36  1745.1  2671.65  1811.18
2673.98  1730.95  2795.58  1794.93
790.34  728.817  671.729  747.195
1012.06  511.1  1000.82  532.031
1545.24  369.348  1613.33  416.479
1237.83  977.499  1268.03  1028.87
1812.18  892.437  1927.84  957.379
1202.27  895.408  1228.54  938.56
2286.85  1841.66  2474.73  1911.79
1137.95  905.13  1161.52  950.314
1571.74  857.843  1667.66  914.933
2078.54  1110.42  2226.26  1182.59
1875.74  901.526  1999.13  968.393
486.895  361.509  311.429  340.838
1540.48  414.527  1604.58  461.957
1828.53  1547.54  1939.77  1620.61
1592.33  660.964  1665.1  714.804
807.33  1074.62  739.043  1121.54
1744.46  1493.91  1852.47  1569.56
1729.37  1028.46  1837.28  1093.21
1035.99  509.028  1055.94  527.918
1387.14  1439.88  1494.69  1514.29
2041.07  1684.39  2184.24  1757.77
1890.14  905.572  2014.79  972.889
1975.13  1330  2107.9  1398.83
2193.02  848.665  2356.43  925.077
1425.8  667.317  1506.08  714.368
1361.52  417.853  1428.77  455.44
1598.52  965.333  1722.28  1025.76
1866.69  1626.55  1987.61  1701.14
1467.16  686.096  1548.69  735.351
2637.81  1808.86  2779.99  1875.71
739.884  545.264  611.978  549.098
1988.28  1663.46  2120.65  1737.27
1447.89  1515.09  1558.47  1589.2
1650.4  1014.55  1747.76  1077.29
2022.3  1106.54  2165.99  1177.81
1939.01  489.996  2068.31  559.376
1834.59  522.609  1949.94  586.635
1981.33  1293.64  2119.88  1365.71
1867.12  901.754  1983.4  968.41
1712.7  1504.29  1815.05  1580.46
1633.63  985.416  1759.44  1047.2
1992.56  1665.73  2131.38  1739.45
468.734  420.076  290.399  402.784
1470.87  703.878  1552.92  753.75
1075.06  1543.39  1229.6  1624.5
1271.93  478.08  1336.11  512.392
1608.83  1262.39  1720.99  1330.95
2544.55  397.751  2673.91  496.308
1144.46  679.108  1162.06  714.199
1926.98  365.339  2055.28  435.048
1041.19  495.675  1051.97  517.783
2015.6  1106.12  2157.31  1177.31
1899.22  879.695  2025.31  947.2
1791.42  133.272  1899.23  196.024
1980.65  260.137  2116.06  334.308
980.664  710.854  977.612  740.448
1502.9  637.138  1581.65  686.833
1263.95  1104.66  1313.54  1158.82
1170.04  1157.05  1208.65  1215.96
1547.52  1158.38  1636.47  1223.07
1284.3  365.409  1360.67  397.427
1446.69  1509.83  1556.74  1583.65
1545.18  1072.81  1630.45  1134.88
2503.47  1719.97  2652.33  1786.4
637.542  628.078  487.493  632.246
2072.32  1111.63  2222.72  1183.82
1653.19  1717.76  1787.06  1801.71
1502.22  649.867  1578.68  699.817
908.702  1115.98  853.271  1164.19
1106.24  449.463  1140.37  473.5
1971.8  1354.1  2108.81  1426.87
1275.94  399.438  1349.73  431.883
1623.26  892.604  1716  952.128
1672.11  164.219  1757.64  218.401
1212.6  1725.26  1343.78  1816.93
1914.77  392.186  2041.04  461.042
1144.88  903.141  1169.51  948.585
2367.49  1085.33  2511.51  1162.73
1068.13  482.606  1099.65  502.065
1089.16  1596.95  1240.64  1677.82
1406.71  1718.92  1521.12  1803.35
1017.19  1648.79  1156.47  1738.05
742.305  1773.48  848.827  1874.08
1511.33  691.008  1586.44  742.27
3007.6  109.144  2996.64  251.586
1845.99  1569.25  1964.09  1642.51
2157.18  967.546  2316.37  1041.98
1199.16  900.416  1226.49  943.523
1544.63  942.777  1658.43  1001.37
1224.14  1344.88  1275.96  1410.65
2712.91  1780.81  2827.78  1843.17
1319.27  808.636  1379.16  855.964
2013.74  778.491  2153.12  849.738
2627.12  1723.19  2755.96  1787.76
1598.38  1505.08  1692.13  1578.05
1204.03  437.209  1258.12  466.548
1322.28  118.784  1357.23  147.2
1238.62  414.857  1302.87  445.568
1300.25  1198.02  1349.43  1257
2118.73  869.059  2261.05  943.17
1513.68  425.236  1576.66  471.534
1974.62  262.18  2109.39  336.065
2379.28  1296.59  2555.26  1371.34
1014.26  524.088  1009.19  546.035
2177.45  1106.34  2347.52  1180.38
1111.13  1176.56  1123.05  1231.83
1963.7  872.4  2103.37  941.962
1333.44  190.774  1358.57  221.243
1770.73  718.153  1874.42  780.294
1070.16  489.716  1085.94  513.312
1430.64  1363.62  1533.49  1430.92
1359.95  1695.42  1471.37  1779.26
895.392  474.252  816.526  486.559
1234.31  1137.53  1261.19  1192.62
902.518  983.869  855.951  1026.97
1080.35  496.771  1101.43  521.278
1223.59  1345.11  1282.76  1410.8
2161.51  1096.37  2319.56  1170.22
1297.37  194.038  1319.57  222.09
1161.55  1138.06  1189.42  1191.93
1602.7  377.935  1681.46  428.863
1378.52  474.616  1445.04  514.698
2423.46  1633.59  2596.96  1705.36
934.747  1433.98  917.389  1505.07
1194.39  1191.15  1222.89  1248.34
1596.38  545.177  1676.16  593.67
1203.05  612.331  1257.87  647.849
2017.63  754.963  2157.53  826.538
776.518  916.511  646.937  947.099
1821.93  1616.93  1946.94  1691.47
2380.17  1775.48  2574.8  1843.14
2581.73  1785.46  2738.22  1853.77
2134.05  646.687  2288.97  723.777
1688.43  1018.22  1795.55  1078.04
1804.49  1480.17  1916.71  1551.39
1442.69  1727.75  1573  1811.72
990.72  884.624  966.159  920.175
1944.46  874.219  2076.91  943.266
1158.93  1288.04  1189.16  1350.15
1492.59  1363.97  1612.3  1435.5
1429.07  1523.32  1543.88  1597.61
1238.62  414.857  1309.72  445.76
1490.44  393.83  1561.68  438.539
2398.52  1275.56  2563.27  1350.84
828.226  1342.26  772.918  1406.09
1660.93  1083.51  1778.21  1148.31
1059.73  738.671  1069.78  769.043
1142.79  898.356  1149.59  943.617
1992.83  668.314  2130.47  739.407
1151.12  846.945  1168.02  890.066
1607.61  1563.31  1753.63  1637.85
1245.69  434.121  1308.81  465.928
1740.92  1022.73  1844.35  1087.94
1763.3  175.233  1868.34  236.054
1109.47  1250.49  1116.48  1309.96
1876.98  315.661  1997.4  383.061
1388.51  1728.6  1516.68  1813.5
1146.89  624.602  1177.21  653.649
2497.08  1717.22  2644.62  1783.54
1801.71  894.171  1909.25  959.178
1301.35  818.145  1368.19  865.419
1662.44  1326.27  1799.97  1397.3
1116.87  618.797  1132.24  650.364
1462.63  680.532  1544.31  729.814
299.68  365.734  103.812  333.479
1449.75  665.508  1533.6  713.902
1143.32  1292.51  1174.25  1354.67
2604.77  1646.72  2738.45  1712.43
1254.23  484.892  1309.65  518.694
1345.73  586.095  1413.73  627.618
1137.44  816.094  1149.69  857.343
1472.33  428.605  1539.08  472.916
776.473  670.57  680.334  684.267
2601.24  1774.33  2752.26  1838.24
1979.37  1665.28  2115.41  1738.85
1133.5  1125.59  1162.22  1178.17
2527.25  385.179  2661.28  487.384
1584.61  479.075  1648.95  525.801
1141.71  467.056  1173.47  493.961
2059.69  1850.68  2223.91  1926.01
1363.54  574.383  1428.88  616.41
1460.11  902.697  1529.58  957.892
2595.25  1706.64  2724.56  1771.69
1237.25  926.426  1266.56  971.579
1371.72  1728.95  1488.63  1814.21
1270.98  269.745  1328.32  298.527
2209.86  283.161  2369.12  371.322
1254.95  143.028  1273.2  167.046
1089.39  1210.65  1097.52  1267.42
2397.58  1290.13  2566.42  1360.93
1906.02  1633.44  2031.13  1707.32
2393.66  701.677  2554.58  787.96
1628.35  588.32  1708.07  643.12
1242.2  1161.85  1281.88  1222.45
1013.08  891.152  990.858  927.646
933.451  1682.24  1069.25  1775.49
2701.86  1782.63  2823.78  1844.83
788.113  663.346  667.869  681.272
1262.64  675.448  1326.5  711.717
1094.18  1572.31  1246.37  1651.18
1223.18  741.548  1264.04  782.966
1623.03  1054.86  1742.12  1118.38
1542  933.653  1654.41  992.215
1446.79  415.165  1509.79  453.386
1969.66  1831.9  2125.28  1908.93
1409.23  576.612  1488.89  621.056
1469.23  1575.13  1581.2  1651.4
1872.82  318.79  1992.8  386.037
1735.47  1021.36  1842.57  1086.57
1461.02  373.588  1525.85  411.872
1149.23  1045.96  1174.99  1099.01
471.078  413.488  295.216  396.276
1158.26  774.5  1176.22  814.721
1837.04  1608.17  1946.43  1682.26
1376.66  465.149  1449.46  505.21
1275.77  271.582  1329.3  300.744
2706.89  1728.46  2812.35  1791.61
1592.22  976.728  1716.22  1033.2
1162.34  512.916  1194.32  542.732
1182.86  397.847  1228.85  424.888
1545.49  838.921  1641.75  890.709
1008.67  721.196  988.931  748.246
1332.31  574.679  1395.11  615.305
2379.54  1093.64  2555.18  1171.48
1130.09  526.402  1153.54  555
1878.5  938.997  2003.96  1006.71
1427.44  467.77  1495.79  510.562
2133.79  654.49  2288.38  731.693
916.31  1120.11  857.874  1168.36
2053.63  1702.53  2202.68  1775.46
1194.2  743.778  1223.46  784.162
1462.89  701.134  1543.14  751.071
1252.56  1042.73  1287.03  1097.97
1860.2  1619.61  1977.22  1693.63
1558.91  634.543  1635.17  687.052
1964.04  1297.63  2099.49  1370.13
1814.76  1021.15  1933.36  1088.2
2009.87  1106.17  2152.31  1177.74
1187.7  614.39  1222.51  649.389
1546.1  344.268  1612.33  391.695
1176.17  696.972  1200.89  730.034
1548.1  364.752  1615.39  412.562
1979.37  1348.75  2118.14  1421.92
949.654  722.058  910.093  746.532
1983.12  1662.79  2121.24  1736.07
1638.22  1747.44  1793.62  1828.33
1667.27  1056.44  1782.65  1121.02
1328.21  809.899  1388.74  857.985
1706.54  883.721  1816.48  941.344
520.447  1663.48  516.118  1757.65
1359.54  305.714  1418.14  341.126
2288.49  1866.01  2479.71  1935.61
1180.1  1203.96  1212.75  1261.31
1447.07  1493.52  1552.84  1566.13
1571.01  988.21  1677.93  1044.3
1323.74  170.774  1349.73  200.572
2048.11  1769.8  2203.14  1843.79
1340.11  1697.96  1452.4  1781.85
1570.01  797.492  1676.64  853.888
2603.31  1589.92  2735.1  1656.29
1727.32  1022.82  1834.17  1088.03
1474.65  675.644  1555.94  725.545
897.622  1117.57  833.81  1169.97
1138.65  351.831  1186.06  374.842
1129.13  856.814  1139.61  899.953
2046.26  1286.58  2179.76  1359.65
774.322  975.066  643.007  1009.53
1323.27  352.985  1403.32  387.588
1259.83  146.976  1279.12  171.668
1990.78  871.064  2126.2  941.823
1266.72  510.504  1329.51  541.27
501.338  1677.82  492.585  1773.78
2578.09  1702.96  2711.34  1772.87
1346.67  362.104  1427.15  398.33
1002.63  589.322  969.281  609.139
1307.02  1390.75  1382.5  1458.65
1306.15  154.221  1336.01  182.558
841.005  1150.45  755.828  1199.41
1410  795.943  1468.28  846.497
2518.21  1764.18  2682.35  1834.17
1446.14  1646.25  1556.85  1725.93
1255.67  1102.03  1290.85  1160.22
1954.58  1295.07  2081.07  1362.75
1569.22  377.347  1637.82  426.646
1200.99  429.572  1261.97  459.053
995.462  713.732  966.169  744.488
1784.03  996.036  1894.17  1062.16
1868.92  1562.32  1986.13  1634.75
1831.65  1576.79  1944.59  1649.88
1470.1  1730.31  1591.94  1813.64
1196.3  606.312  1250.01  641.704
1853.35  1618.49  1968.96  1692.41
1413.53  1721.94  1529.29  1805.85
1627.89  628.499  1703.88  684.072
1784.96  1723.29  1905.31  1801.07
2188.72  844.965  2352.52  921.974
1122.7  984.347  1147.83  1033.82
1389.53  957.723  1444.68  1008.06
1438.6  1709.04  1549.48  1791.9
1594.6  722.7  1668.93  773.46
1139.72  809.338  1152.54  850.689
1486.7  1162.86  1558.26  1227.45
2428.93  1613.79  2591.3  1686.2
1468.37  805.942  1560.75  859.071
1472.58  1626.25  1591.31  1704.52
1228.99  851.022  1259.53  897.37
1349.21  1687.91  1457.72  1771.01
1950.17  1295.02  2084.03  1367.6
1979.94  1349.28  2111.53  1422.67
1962.6  1661.78  2092.83  1735.2
1391.5  928.895  1447.85  978.236
1182.32  949.811  1208.21  999.194
1175.71  857.61  1192.42  902.467
738.267  541.738  614.499  544.571
1144.47  1343.57  1176.53  1408.35
2188.43  850.27  2350.26  927.264
2407.7  1104.27  2569.45  1177.59
1976.63  891.456  2107.47  961.94
1416.41  1758.89  1542.19  1849.62
1192.27  610.734  1241.69  641.053
1261.79  680.205  1323.91  716.242
1242.21  419.489  1305.27  451.126
2171.12  900.205  2331.27  976.198
2092.49  1700.15  2244.65  1772.13
2258.77  1089.35  2428.57  1165.49
1943.78  482.99  2071.45  553.4
1472.42  1128.09  1545.57  1191.31
1381.44  645.51  1459.33  690.838
1829.21  1636.5  1947.23  1711.02
1210.45  499.963  1256.46  532.298
2661.95  1685.28  2781.77  1749.35
797.37  1750.11  924.774  1851.81
1505.1  365.182  1583.94  410.925
1896.32  307.403  2017.46  376.523
1213.28  599.292  1258.59  630.056
1425.38  472.856  1493.35  515.989
1719.72  1022.44  1824.28  1087.72
1377.53  1429.61  1480.85  1504.41
1188.77  302.719  1215.53  321.919
1844.91  1640.44  1960.24  1714.85
1299  714.304  1356.92  758.235
1851.09  906.379  1962.49  973.416
2276.6  1840.22  2466.01  1909.68
1410.31  568.723  1483.84  613.377
2063.99  735.012  2210.65  809.012
1591.71  1337.84  1730.18  1404.06
1645.84  1134.07  1766.81  1195.07
1320.48  177.911  1346.03  207.889
1827.55  1556.39  1942.67  1628.79
2589.47  1895.73  2755.01  1958.01
871.985  479.313  782.723  491.145
2349.47  1397.61  2540.6  1471.89
994.615  889.64  964.963  924.98
1476.45  1729.49  1596.53  1812.48
1368.26  1692.13  1476.76  1775.03
1249.66  133.688  1265.11  152.193
460.428  417.574  284.674  400.467
1828.75  1572.48  1942.69  1645.25
1188.41  1201.35  1222.61  1258.34
1087.2  760.869  1083.81  798.09
1689.33  858.636  1790.09  920.353
1191.11  1109.65  1220.33  1161.87
1017.71  589.328  991.786  615.072
835.241  1721.46  967.388  1820.03
2264.85  1880.07  2450.12  1950.07
1117.16  1746.5  1270.11  1841.85
1973.74  569.428  2106.3  640.889
2106.39  679.813  2259.28  756.064
1151.18  753.058  1162.81  792.508
1176.81  1070.62  1197.14  1120.54
931.426  559.724  877.427  573.998
1929.06  1836.38  2086.7  1913.89
1690.87  1498.61  1797.67  1575.59
1107.2  1739.55  1259.82  1834.63
1341.27  1447.04  1444.38  1522.84
743.803  474.992  621.508  473.664
537.529  1669.8  533.825  1763.99
1385.13  1754.73  1501.16  1840.6
1362.31  569.628  1431.79  606.566
1293.61  816.282  1342.55  863.764
1219.99  964.244  1230.85  1009.97
988.656  824.468  961.483  861.354
1310.73  173.907  1336.57  203.261
1055.85  1170.56  1030.6  1229.45
1487.22  628.013  1571.07  677.796
1890.14  905.572  2009.73  973.881
1010.22  595.988  998.906  616.321
2082.85  872.402  2232.82  946.304
1476.03  354.667  1555.5  398.759
1552.37  640.962  1626.33  693.788
1139.28  633.79  1155.13  667.689
1414.42  791.761  1475.35  842.75
2413.75  462.36  2552.52  551.146
1659.63  1011.35  1763.95  1075.27
1217.52  502.524  1260.89  535.53
2183.7  844.866  2346.29  922.087
1832  914.948  1943.67  981.747
1079.68  680.431  1087.12  713.759
1150.88  1303.22  1182.49  1365.35
1480.26  414.483  1547.88  459.703
1132.64  1764.47  1268.12  1861.12
835.924  1726.61  967.388  1820.03
1178.63  910.253  1207.55  958.026
2150.86  1677.11  2307  1747.63
2931.06  1797.17  2986.53  1854.75
1246.91  1136.29  1282.92  1190.63
2177.45  1106.34  2341.21  1181.29
1546.36  640.729  1622.63  693.403
1104.13  1085.86  1111.24  1140.77
1093.2  977.118  1114.83  1025.87
1257.64  668.927  1317.72  709.857
1101.71  1210.84  1104.85  1267.06
1629.67  921.05  1757.64  982.489
1613.05  993.893  1727.71  1056.46
2616.78  1694.95  2742.17  1765
1315.91  412.894  1387.75  448.991
2029.44  473.734  2170.02  549.015
1209.14  594.069  1258.59  630.056
1153.06  1289.69  1182.49  1350.97
1003.82  730.841  977.53  757.473
1702.12  879.535  1796.47  942.202
2221.09  1101.5  2386.21  1177.26
1510  404.091  1572.46  450.828
2413.04  452.062  2553.18  546.934
2394.74  663.173  2559.17  745.372
1997.92  1832.97  2146.68  1908.75
1261.16  738.043  1315.9  781.634
2464.16  508.128  2595.12  603.55
1665.91  1073.54  1781.59  1139.09
1031.43  527.686  1031.55  551.739
1808.19  1683.42  1920.07  1759.2
565.733  1786.16  607.405  1891.38
2159.68  1700.61  2319.27  1777.08
1202.77  906.122  1228.91  948.523
1706.08  836.606  1798.11  898.787
2666.96  1660  2776.03  1730.13
1961.97  1836.49  2119.86  1912.98
1607.37  1729.18  1751.89  1809.32
1655.98  1338.97  1791.73  1411.22
1587.81  1512.84  1730.52  1584.74
959.736  654.619  924.105  681.227
1169.06  677.769  1196.78  709.059
1194.14  883.264  1222.86  930.423
867.365  1069.17  804.561  1118.22
2067.3  1694.99  2224.8  1766.75
1122.15  373.398  1147.83  390.457
1835.67  1636.97  1947.23  1711.02
313.22  388.946  116.947  360.467
1171.76  965.456  1199.42  1009.72
1108.01  1210.25  1104.63  1266.38
1155.84  610.785  1201.24  638.878
1473.81  640.634  1560.15  690.407
1536.03  794.706  1631.99  850.489
955.829  663.123  903.074  689.924
1383.38  395.855  1447.46  435.42
1218.79  806.147  1256.18  850.872
965.514  827.313  934.604  857.672
1974.37  1316.64  2112.43  1390.18
2364.36  774.311  2544.87  852.638
1829.21  1636.5  1940.02  1710.57
2382.62  597.22  2543.11  680.53
855.782  1743.3  953.616  1844.16
1277.24  1178.43  1324.79  1235.03
1326.45  88.0897  1362.86  117.42
1841.18  1566.04  1957.3  1638.09
1455.11  389.704  1527.25  433.4
1255.43  481.142  1316.71  515.939
2545.39  386.061  2671.28  483.778
1487.98  1571.86  1603.63  1646.88
1502.69  1703.81  1623.77  1784.64
2222.96  1093.8  2387.13  1169.86
1141.91  1250.93  1154.27  1309.71
1185.88  1017.36  1212.8  1070.73
2363.51  1703.49  2544.08  1770.54
1168.3  1101.57  1195.63  1152.49
1333.97  1565.69  1444.55  1641.63
2372.84  1770.86  2560.58  1837.59
1074.96  622.164  1091.73  653.01
1196.8  809.119  1212.42  853.195
2093.76  870.921  2239.31  945.53
1317.54  418.813  1387.75  448.991
1444.3  1692.4  1551.58  1773.65
1654.2  1084.55  1772.93  1150.37
1551.49  348.48  1620.28  397.204
1474.57  1638.58  1580.64  1723.25
1284.3  365.409  1355.17  398.715
915.982  1303.84  875.291  1364.11
1552.62  951.876  1667.04  1012.2
1620.31  1025.07  1728.63  1088.83
2632.59  1723.97  2759.48  1787.17
1847.31  1019.8  1948.49  1088.45
2170.55  879.228  2330.54  956.096
1159.63  1296.98  1186.26  1358.43
990.133  636.35  953.852  657.079
1059.03  719.048  1064.02  753.746
1875.38  199.341  1994.08  268.756
917.222  729.289  844.438  751.689
1380.82  1522.58  1518.02  1595.72
2528.14  386.513  2655.63  489.75
1095.81  655.257  1104.29  688.557
905.968  925.488  853.554  959.606
1211.02  316.931  1256.63  344.15
1704.35  1029.4  1809.94  1095.14
1328.89  350.516  1408.07  386.279
1537.78  799.878  1633.32  856.068
568.768  1809.97  634.708  1923.64
2182.42  1101.72  2346.55  1177.19
1496.17  1041.57  1582.79  1103.12
1529.92  788.565  1626.03  844.25
1603.24  421.618  1674.66  474.24
824.126  1081.22  733.343  1123.84
1191.08  1132.82  1221.66  1185.59
1003.71  1206.05  961.483  1260.34
1204.03  437.209  1256.18  461.199
1655.81  1015.61  1757.98  1080.06
1229.75  834.066  1258.93  880.579
2608.41  221.163  2724.38  335.9
2171.36  888.098  2331.4  965.014
1575.48  1442.68  1735.85  1518.35
1198.94  926.522  1228.61  969.389
1437.86  857.818  1509.16  905.438
2604.69  1697.01  2734.03  1767.6
1398.72  1752.66  1514.84  1837.55
1151.31  771.346  1167.8  812.295
921.959  1304.05  873.244  1364.26
1307.32  298.927  1370.67  332.036
1173.65  915.41  1201.8  963.795
1073.63  615.105  1089.63  645.767
1953.19  1350.15  2091.43  1424.31
3036.65  100.845  3021.78  247.1
1512.01  356.814  1594.93  403.69
1799.96  1684.67  1911.59  1760.18
834.005  1349.49  776.947  1412.61
1270.51  1579.42  1386.54  1656.37
2385.98  657.959  2546.47  746.304
1219.52  277.903  1256.72  304.544
1233.98  287.528  1270.91  315.364
1475.08  1520.52  1589.73  1593.08
2397.97  1303.18  2567.06  1372.56
1597.98  1256.55  1708.82  1326.45
1175.44  903.281  1204.09  951.221
1946.54  1345.25  2082.36  1419.39
1121.84  412.02  1150.25  437.032
1472.75  1616.37  1588.32  1693.23
1407.08  1476.52  1519.11  1554.3
742.297  258.38  620.997  250.252
2691.74  1756.41  2811.77  1817.95
1165.17  883.459  1187.63  923.174
1444.43  584.247  1531.58  631.856
1225.4  746.07  1275.12  789.089
1168.27  1126.51  1198.33  1178.41
1169.6  1119.47  1200.35  1171.02
1355.17  473.389  1422.98  513.701
999.31  557.607  989.613  581.866
833.445  1122.81  737.916  1168.51
955.678  1765.03  1091.43  1865.79
810.665  1077.52  709.813  1119.39
1448.06  1093.65  1518.38  1156.18
917.821  778.853  862.242  804.057
1351.42  106.54  1387.36  138.446
1619.5  913.802  1748.5  975.427
1029.92  970.398  1040.94  1010.63
943.405  592.201  897.663  615.161
1308.03  352.023  1388.22  386.851
777.64  793.146  681.278  813.689
1529.86  529.994  1606.06  573.435
2580.43  1092.18  2705.22  1174.73
1447.07  609.385  1542.13  650.683
2086.76  875.825  2234.6  950.599
1126.13  1257.13  1142.76  1315.66
1138.67  1296.96  1165.15  1357.92
1197.97  433.171  1248.84  463.653
1132.19  775.041  1141.97  815.639
2439.38  1708.87  2594.82  1781.8
966.375  763.022  930.191  796.437
1397.88  1757.87  1515.97  1842.79
1608.72  995.056  1720.73  1058.23
1978.56  1296.59  2111.03  1370.5
2406.66  1401.46  2577.66  1476.84
2364.21  406.755  2500.03  493.906
1617.24  1082.91  1736.13  1148.43
2827.66  1876.27  2920.5  1933
1751.5  1484.73  1858.98  1561.97
523.838  1661.7  524.516  1754.29
1197.81  1138.07  1231.27  1190.92
2106.39  679.813  2253.73  756.944
2017.63  754.963  2164.26  828.213
1217.51  615.685  1275  653.667
917.487  1109.89  865.556  1156.04
1598.57  1064.49  1707.11  1129.23
1828.43  1077.74  1936.46  1139.78
838.456  1353.12  785.987  1416.23
1134.97  640.553  1151.42  668.008
2591.84  1087.77  2715.88  1170.79
1512.78  1563.53  1630.72  1637.38
1341.11  104.061  1376.13  135.353
805.812  1369.49  718.114  1441.39
1649.05  829.184  1759.77  890.221
878.385  1045.57  818.24  1093.95
2691.16  1741.24  2806.81  1802.82
1564.04  532.688  1627.1  577.511
1161.91  1182.79  1193.15  1237.31
958.239  559.472  909.236  574.062
1730.76  1011.61  1836.16  1078.12
1600.53  959.553  1725.23  1021.91
2707.52  1781.61  2828.9  1842.08
945.753  764.587  907.426  797.525
2422.45  1608.78  2585.24  1674.91
1166.11  898.154  1190.23  945.976
1940.51  484.974  2064.18  556.478
1142.29  695.473  1154.91  733.193
1826.9  1606.26  1944.87  1678.68
818.987  1077.29  746.742  1118.97
2693.15  1748.19  2806.66  1809.52
2358.5  291.327  2500.36  381.604
2413.01  1609.1  2581.85  1683.06
836.7  1339.7  796.387  1401.48
1416.92  584.075  1493.36  622.875
1223.06  1262.32  1255.31  1321.71
1146.75  1211.69  1168.01  1267.49
1004.69  518.329  998.553  541.455
1583.76  488.24  1648.79  533.272
1542.71  801.804  1639.02  850.965
1258.42  1089.46  1288.16  1140.73
2021.12  481.258  2161.86  557.046
988.963  726.077  966.566  758.789
2511  390.132  2637.14  492.998
1168.46  1192.18  1196.86  1247.14
1152.56  1054.98  1169.4  1102.35
861.884  1114.27  777.669  1159.41
1656.13  1078.5  1773.53  1144.98
1519.89  531.75  1600.29  574.379
541.938  1786.3  600.841  1898.79
1447.92  816.096  1544.51  870.314
842.703  1154.72  742.385  1202.47
1825.05  1641.23  1937.53  1714.55
905.044  1084.48  858.05  1136.38
1622.65  918.115  1752.06  980.402
2190.57  843.481  2346.29  922.087
1404.29  1753.38  1521.35  1837.54
913.58  922.068  865.402  955.442
1676.86  1016.84  1800.32  1082.5
1348.06  305.102  1408.84  341.522
821.92  1127.5  685.359  1172.79
714.309  1300.96  577.968  1358.91
1310.08  528.802  1389.3  560.832
1460.19  627.301  1540.56  668.988
1222.33  866.869  1254.5  915.254
1959.91  1306.63  2096.64  1380.97
1160.63  988.67  1183.18  1032.75
1315.24  343.718  1373.91  370.832
2686.17  1746.36  2804.37  1807.56
1169.73  349.292  1207.57  375.697
1210.3  996.313  1235.8  1050.21
2652.95  1570.04  2776.51  1634.64
1446.17  369.969  1504.93  405.351
1143.98  756.508  1158.47  797.274
970.62  706.751  942.828  737.831
2369.95  494.983  2519.02  579.432
2666  1695.25  2782.47  1757.57
1247.41  123.745  1264.06  148.721
1557.25  800.077  1655.06  849.478
1274.71  922.812  1314.53  975.278
1432.58  420.255  1491.38  455.76
1211.44  1277.05  1245.86  1336.84
2625.55  1649.89  2749.45  1713.35
1397.64  558.494  1469.07  595.418
721.676  1397.82  566.56  1464.23
1604.07  496.492  1669.32  542.386
1399.47  769.068  1471.8  811.837
921.592  1325.82  883.074  1386.73
1216.98  1007.12  1244.04  1061.82
1358.83  1356.05  1435.21  1420.59
977.066  707.934  947.576  739.433
1602.2  1079.69  1697.84  1145.45
1401.38  1749.05  1520.28  1832.78
1384.27  651.299  1457.26  690.023
1006.69  586.144  978.754  612.742
2728.42  1894.58  2856.72  1952.3
1345.09  306.99  1401.98  343.437
1980.26  1339.12  2117.9  1414.14
1313.71  1396.41  1396.91  1471.32
1673.43  998.555  1781.5  1055.35
1154.28  1191  1185.3  1245.3
980.787  775.802  956.752  811.296
1564.14  479.506  1626.57  522.955
2456.92  512.457  2589.96  608.838
1538.77  420.672  1604.58  461.957
1492.7  399.585  1561.71  446.808
1070.65  1132.34  1083.83  1181.96
1226.34  988.978  1253.92  1043.24
1509.54  641.039  1588.88  693.674
818.936  1124.94  722.575  1169.62
1163.86  1198.38  1186.59  1253.17
1177.82  1124.87  1207.03  1175.91
1312.24  783.203  1369.84  831.847
3015.62  114.227  3004.1  259.332
1468.87  1681.96  1581.49  1761.05
2397.83  921.518  2567.76  1005.12
1349.6  564.849  1419.17  608.273
1117.77  490.865  1146.7  510.742
1102.82  1175.66  1113.37  1228.29
1224.94  1189.21  1271.11  1244.27
1254.24  1045.98  1289.17  1103.57
1139.71  361.477  1194.63  378.115
1140.29  753.471  1154.26  794.273
1156.98  723.972  1177.88  764.175
1474.56  1052.57  1541.83  1115.17
1484.85  638.123  1572.9  689.762
1331.8  344.598  1410.38  381.599
1202.87  361.334  1265.22  390.846
890.747  927.519  839.267  960.071
1650.25  1510.01  1754.39  1589.36
1274.08  1279.82  1326.15  1339.91
1631.11  1030.95  1739.75  1096.39
1731.34  1017.11  1836.58  1084.5
1220.61  1282.14  1259.72  1341.89
1577.86  599.109  1657.58  654.186
1453.96  1621.24  1570.74  1697.39
1407.03  557.152  1472.67  594.028
876.943  970.802  844.645  1015.02
1239.18  1301.51  1269.37  1362.44
854.025  1163.54  766.309  1211.48
2387.63  693.576  2556.73  782.328
2409.73  1714.42  2564.72  1788.8
1161.7  842.943  1173.03  888.744
1232.28  1045.75  1273.67  1093.74
1672.21  1022.19  1794.13  1088.45
2503.62  1768.79  2671.96  1831.86
1467.03  634.853  1545.18  685.727
1472.99  1107.23  1545.73  1171.83
1174.98  1542.04  1308.75  1625.43
1317.97  167.42  1342.23  199.016
1158.59  1224.69  1180.74  1280.6
1472.24  724.996  1551.76  768.9
1145.07  804.86  1154.61  848.391
1517.73  785.753  1618.76  842.358
1317.56  1580.38  1440.27  1655.61
1401.88  563.816  1468.19  609.974
1809.75  1524.45  1911.54  1603.64
1643.12  1099.95  1764.37  1157.97
805.561  1266.35  693.366  1321.48
722.278  1240.65  583.282  1302.36
1168.07  914.147  1195.7  963.687
1194.25  945.551  1224.78  997.322
1160.01  919.825  1188.01  969.404
1156.76  862.399  1166.95  909.089
1430.8  528.476  1515.77  575.452
1198.46  879.704  1223.45  928.588
1408.63  1749.47  1524.71  1832.58
812.61  1286.42  699.392  1343.17
1114.29  1108.09  1133.85  1166.33
1673.87  870.672  1798.99  924.708
1312.43  1474.21  1426.98  1553.44
922.439  985.42  875.209  1022.31
1105.69  386.828  1130.82  411.292
2618.84  1729.47  2749.84  1791.15
1342.44  880.056  1385.79  933.582
822.704  1133.14  721.306  1178.03
1144.91  1762.67  1293.4  1860.85
2369.78  400.881  2511.54  487.299
1614.31  1073.64  1732.05  1140.17
2029.86  469.642  2157.66  546.871
2634.78  279.59  2746.33  384.775
1476.51  1692.78  1587.57  1771.77
1619.55  1078.64  1731.46  1145.41
1519.57  361.755  1588.47  400.565
1006.35  523.68  997.686  548.179
1193.36  1219.39  1214.35  1275.11
1293.61  816.282  1337.21  866.004
2495.82  1766.55  2675.86  1839.38
1534.65  1706.93  1667.37  1785.37
1498.46  811.15  1592.94  868.025
1793.3  1476.98  1900.46  1555.32
1094.08  545.55  1095.52  575.691
2559.29  257.303  2679.6  359.115
1098.6  553.934  1095.02  584.62
2502.85  122.314  2632.43  236.778
1349.12  396.019  1437.38  435.959
1064.68  906.02  1069.24  952.332
1134.67  1316.1  1164.86  1376.62
1295.12  328.806  1367.06  363.737
1288  729.252  1342.4  775.742
1429.96  919.025  1480.74  976.819
1192.61  1076.64  1222.95  1124.73
1505.16  610.168  1596.15  662.863
1191.16  1101.41  1226.32  1150.7
1116.17  844.127  1115.19  888.997
1222.68  1028.51  1251.05  1074.85
1129.74  840.722  1140.24  885.97
1105.35  365.716  1117.96  389.654
1242.88  1408.42  1321.04  1484.86
1231.09  1106.29  1265.41  1167.1
1204.16  890.85  1230.43  930.293
1522.39  1713.91  1636.2  1792.79
1212.12  976.076  1232.24  1019.58
1658.56  882.034  1774.5  935.203
1312.81  283.309  1359.59  307.381
1168.53  983.95  1194.81  1026.7
1301  346.831  1386.56  383.039
1163.2  995.37  1185.22  1038.51
2573.15  1117.33  2704.28  1200.99
1241.07  1039.79  1281.43  1086.91
1978.73  1320.88  2116.27  1396.86
1511.33  618.678  1597.57  672.026
1169.67  723.181  1189.32  764.846
1753.58  1488.43  1867.65  1567.55
1499.75  521.693  1560.79  561.38
1421.53  659.834  1503.26  710.312
1230.54  1160.45  1263.05  1224.23
899.033  730.737  850.672  750.299
1517.47  419.186  1577.7  469.219
1829.29  1612.53  1950.18  1683.33
1371.85  574.855  1435.96  609.47
1164.23  301.104  1175.46  326.759
1650.9  1030.71  1744.26  1097.66
1193.84  1003.14  1217.23  1047.17
1469.79  786.943  1549.79  831.379
1144.41  761.089  1160.44  803.606
1320.1  1449.45  1381.41  1528.56
2415.88  321.367  2544  411.945
840.517  1347.75  792.436  1408.44
1682.06  1015.73  1805.41  1083.14
1553.56  542.176  1624.29  584.794
1162.94  999.707  1188.38  1054.22
992.839  629.046  964.046  647.106
2404.06  451.088  2540.65  548.302
2659.4  971.866  2775.15  1050.1
1483.27  1049.03  1552.78  1112.98
617  1320.92  447.716  1378.33
2617.83  1620.57  2757.04  1682.84
2382.39  515.146  2521.42  609.468
990.419  599.266  957.654  615.595
489.844  1707.75  487.542  1803.63
1707.04  1508.79  1818.09  1589.1
525.059  401.422  385.449  390.695
2395.88  1175.99  2567.98  1256.4
1996.5  1400.52  2132.71  1466.13
1164.39  988.01  1188.56  1030.31
1327.82  725.489  1387.31  774.264
2698.05  1787.54  2824.62  1845.92
909.433  770.51  850.3  792.426
987.767  594.413  954.568  610.205
1461.3  816.086  1538.44  860.686
1371.37  357.91  1444.33  398.988
921.2  994.808  866.272  1043.09
1601.67  1070.72  1718.08  1137.99
1411.56  1757.55  1534.43  1839.75
1461.13  537.165  1556.76  587.206
2662.16  1691.38  2781.8  1751.86
1101.47  1736.4  1259.82  1834.63
1564.02  1175.72  1659.82  1245.44
1164.48  1121.49  1207.88  1170.43
831.225  1161.61  746.342  1207.53
993.827  922.492  983.502  956.284
2375.66  646.252  2519.37  724.779
943.933  834.195  908.184  861.072
1455.52  910.101  1513.56  969.38
1137.42  1016.26  1164.22  1071.49
780.214  749.232  675.933  764.136
1718.88  1016.56  1820.3  1072.78
1208.05  310.132  1246.43  327.262
1472.66  1627.59  1586.19  1702.16
2640.27  1161.59  2761.49  1233.31
1268.37  1086.69  1321.14  1135.64
1467.93  1614.75  1581.91  1688.74
1202.65  885.792  1232.1  936.642
298.619  332.228  101.685  301.195
2383.9  1484.7  2561.97  1549.29
982.211  1719.59  1123.38  1819.13
1715.01  1015.08  1832.62  1083.92
1629.74  1005.35  1732.31  1072.06
1552.32  536.252  1618.29  577.91
747.407  1030.91  636.501  1064.88
1359.81  566.736  1428.38  612.708
1364.19  1441.11  1452.16  1520.4
970.258  554.627  926.658  566.95
1175.42  1064.59  1193.56  1123.4
1310.69  1180.82  1347.04  1234.62
1362.58  1544.95  1475.81  1629.29
1111.5  978.555  1135.18  1031.52
1609.07  902.835  1725.52  966.934
1235.75  915.869  1266.06  956.08
1607.83  1075.54  1721.31  1143.7
882.592  1093.74  850.572  1148.53
1005.87  617.02  998.238  647.732
1632.11  997.979  1751.71  1064.89
1660.84  832.258  1761.59  896.679
1171.52  1061.78  1189.73  1107.13
1488.7  632.977  1565.29  686.839
1049.17  430.74  1060.86  455.423
1477.2  381.886  1538.21  416.613
1689.43  997.677  1814.72  1066.08
1059.05  1175.6  1040.07  1238.94
1217.47  326.584  1249.4  344.109
1233.45  877.332  1266.25  929.366
1526.27  539.494  1605.72  579.589
2474.12  501.373  2607.77  587.601
1046.43  944.868  1023.83  980.613
1214.86  1013.08  1240.6  1070.75
857.61  931.25  816.146  960.626
1558.99  527.588  1633.15  568.928
1636.05  1014.92  1741.06  1082.62
1217.18  1138.78  1250.15  1188.52
1695.77  992.911  1818.17  1061.65
535.992  1482.35  565.499  1567.11
1551.56  818.669  1659.94  879.741
1331.03  1191.47  1369.42  1245.27
888.966  1072.37  829.945  1126.39
1255.3  343.857  1343.14  379.182
1046.11  528.289  1060.91  557.708
1572.89  528.978  1639.58  570.587
1260.52  1107.53  1287.76  1156.2
1733.37  1501.75  1855.54  1583.25
829.907  1347.22  772.918  1406.09
1616.65  1013.21  1730.05  1080.84
1627.25  831.052  1722.24  880.036
654.934  1304.51  489.006  1358.89
1151.14  851.667  1178.15  900.547
1675.11  1038  1776.7  1107.6
1289.22  990.372  1327.1  1049.49
1541.9  1439.78  1668.96  1504.52
2406.91  450.442  2546.38  549.775
1576.43  423.665  1628.34  478.954
1180.77  1070.27  1195.55  1115.28
1429.01  1746.82  1554.54  1826.37
1591.12  1026.76  1682.65  1094.42
1268.37  1086.69  1314.76  1134.18
1264.29  1114.92  1293.74  1163.62
1173.37  876.963  1197.11  912.321
933.736  918.672  895.263  948.669
1540.48  414.527  1602.63  468.02
1437.82  1750.55  1570.98  1829.9
866.177  1155.04  795.572  1199.25
944.167  560.901  887.916  570.621
1129.7  1024.68  1157.33  1081.92
2435.62  1602.83  2595.41  1680.78
1202.33  368.717  1242.92  385.579
1595.49  983.391  1712.28  1050.42
479.663  424.206  300.607  397.98
2622.18  911.634  2742.11  988.581
1483.27  1049.03  1546.86  1115.3
479.166  1722.94  460.932  1818.58
951.644  431.77  894.904  451.52
1312.55  328.173  1384.91  367.222
1599.53  1036.59  1711.44  1105.13
870.822  1057.04  803.3  1110.5
2498.76  582.494  2629.14  665.821
1878.8  1631.88  2011.59  1716.38
1059.94  713.843  1063.44  753.279
1592.75  1061  1709.36  1130.08
1504.59  777.269  1603.42  836.734
1212.32  611.411  1275  653.667
1469.79  786.943  1549.79  831.379