714.10 384.74 236.34 382.90
854.14 411.66 358.99 398.30
797.54 360.09 314.12 355.11
724.58 204.71 254.40 204.54
677.38 498.57 188.71 505.53
630.47 155.78 150.04 140.40
603.41 157.07 122.75 137.08
728.24 141.21 255.58 142.33
743.56 213.13 273.88 214.57
734.27 566.16 242.51 563.25
801.54 212.35 321.96 219.17
771.18 272.36 298.17 272.59
819.87 265.03 339.83 267.75
903.12 273.88 402.70 278.28
859.53 261.32 369.27 266.37
735.15 192.71 264.87 193.94
859.39 320.42 369.07 317.40
586.96 284.56 97.32 278.41
709.65 249.90 241.01 247.80
816.04 196.59 334.93 206.08
730.48 557.47 240.30 554.82
760.40 273.53 288.64 273.25
724.34 218.85 254.61 218.37
757.16 229.13 284.31 231.18
735.12 203.84 264.70 204.77
577.22 256.85 87.71 246.12
716.04 253.64 246.64 252.00
741.89 231.70 272.89 232.24
778.36 264.62 304.97 265.64
688.90 228.95 219.24 225.31
875.68 336.67 380.09 331.46
624.55 264.44 146.29 257.83
597.62 173.33 113.23 154.16
742.87 311.89 269.91 309.83
790.24 285.79 314.05 285.71
693.13 226.65 224.25 223.32
778.51 227.36 305.07 231.04
716.77 133.10 248.20 132.58
885.92 289.64 389.97 291.19
659.08 152.60 183.73 142.16
710.95 166.13 242.33 164.59
796.37 284.01 316.95 284.69
678.97 221.30 209.03 216.51
628.98 318.07 149.66 316.07
797.00 302.34 321.26 300.66
735.51 299.21 260.44 297.99
688.98 323.00 215.99 320.95
724.02 153.39 253.11 153.85
767.94 213.87 294.50 217.53
772.79 273.39 299.87 273.53
696.04 142.43 227.81 138.46
672.78 283.94 202.59 280.31
841.90 296.07 354.77 296.27
829.29 332.01 343.76 328.24
730.33 158.87 260.38 160.27
779.95 233.99 306.81 237.28
730.49 152.65 261.26 154.13
785.36 343.43 305.96 339.60
842.02 398.58 350.32 387.47
758.79 323.57 283.09 321.16
712.20 235.68 243.51 233.86
637.60 166.42 161.98 153.35
740.21 313.91 266.07 312.03
698.12 259.43 227.45 256.76
783.59 174.61 310.50 182.42
721.49 551.55 230.77 551.37
739.59 210.01 268.14 211.20
721.89 519.48 233.82 518.55
810.20 323.49 330.52 320.16
714.17 231.39 245.04 229.91
875.27 335.57 378.51 330.85
821.63 237.90 341.11 243.66
631.48 160.94 154.95 146.36
756.76 287.95 282.99 287.20
700.99 225.36 232.09 222.77
886.96 316.94 388.20 314.82
731.76 147.99 263.52 149.79
799.64 190.11 321.86 198.43
654.24 182.40 182.28 173.15
883.43 393.51 384.58 379.72
649.61 306.12 174.14 303.36
755.87 260.73 283.83 261.13
844.14 226.40 355.76 235.22
781.83 251.73 308.41 253.73
665.43 142.78 189.45 132.93
675.93 497.84 187.38 505.02
576.94 149.00 89.27 122.53
826.74 296.87 342.22 296.81
617.81 280.51 137.46 275.07
787.91 285.03 310.69 285.28
894.60 206.92 397.97 221.57
743.21 195.47 272.88 197.44
688.16 239.78 218.38 236.29
630.94 321.36 150.98 319.64
738.88 241.89 267.83 242.12
676.44 166.72 203.99 160.03
821.74 196.41 341.49 206.47
694.20 227.56 225.40 224.38
627.89 158.20 148.67 142.77
634.27 165.74 157.68 152.17
671.12 230.73 200.96 225.59
666.44 143.35 194.47 133.86
826.70 191.57 343.38 202.66
702.71 254.39 234.83 251.68
660.26 521.17 167.15 533.75
689.60 256.67 219.50 253.36
665.61 157.39 191.48 148.50
677.86 297.86 206.21 295.08
751.51 262.99 279.35 262.95
858.20 174.55 365.62 190.59
626.18 265.18 149.00 258.53
679.93 214.48 209.87 209.75
861.37 221.72 371.33 231.94
793.24 306.82 316.01 305.26
847.93 282.72 359.24 284.68
732.14 386.80 254.01 383.85
706.98 242.50 237.77 240.22
691.37 243.38 221.91 240.19
673.73 296.76 201.90 293.87
736.82 209.62 266.98 210.66
733.75 189.08 263.20 190.15
587.82 202.58 100.65 185.72
798.00 259.25 321.25 261.76
693.43 257.61 223.55 254.74
668.74 158.83 195.13 150.57
636.29 387.86 153.90 391.46
734.35 153.36 264.97 155.34
655.20 183.36 183.49 174.36
706.98 249.35 238.45 246.96
732.13 191.68 261.83 192.48
734.32 199.63 263.82 200.49
773.21 239.73 300.07 242.08
639.66 291.38 164.91 287.34
652.14 511.11 157.56 525.15
680.03 237.08 210.00 232.69
587.00 154.35 100.71 130.82
862.68 244.89 375.57 251.67
693.48 234.27 224.53 231.14
680.40 484.66 193.61 489.90
758.58 260.95 285.49 261.62
785.14 251.39 311.83 253.47
852.73 172.89 362.13 188.50
793.19 194.16 315.70 201.72
727.90 125.52 258.84 127.19
562.64 308.44 62.96 305.55
823.02 356.99 335.51 351.55
791.79 280.25 317.40 280.25
821.54 219.77 341.94 227.15
829.19 328.28 343.79 324.74
708.88 144.97 239.99 142.97
738.13 202.98 267.91 204.39
624.57 261.23 146.19 254.20
686.47 256.66 217.87 253.24
668.09 142.97 194.47 133.86
658.29 247.95 185.42 242.31
649.07 541.48 149.37 560.25
661.19 199.80 190.61 192.16
697.54 259.81 229.06 256.80
721.67 387.99 243.89 385.73
772.14 319.76 296.59 317.40
657.23 151.94 182.38 141.36
840.02 271.99 353.66 274.88
871.62 254.29 379.92 260.74
823.15 353.96 335.47 348.59
675.69 282.33 206.48 278.55
674.85 152.83 202.25 145.10
810.09 495.44 318.74 479.19
625.71 267.94 149.11 261.37
651.02 542.13 154.26 559.15
688.93 155.28 219.02 150.07
751.37 189.48 279.94 192.82
640.97 288.82 165.62 284.80
860.40 296.57 369.08 297.18
581.46 142.32 102.39 116.72
725.88 147.21 257.15 148.29
733.43 388.16 255.51 385.07
816.00 289.03 335.55 289.13
790.56 313.89 315.12 311.14
723.09 176.31 253.63 176.22
778.62 249.06 305.26 251.35
760.63 259.52 286.64 260.49
620.75 259.58 140.27 252.24
703.24 263.12 234.81 260.72
574.27 150.95 80.30 123.69
805.00 194.45 326.68 203.19
587.00 154.35 98.72 130.73
849.06 179.44 360.43 194.20
820.82 256.04 339.01 259.79
646.20 271.29 172.16 266.41
699.40 264.46 231.64 261.79
765.69 189.52 292.02 194.50
683.62 484.16 195.49 489.82
703.17 264.88 234.78 262.47
752.49 186.06 281.01 189.70
690.29 227.47 220.19 223.75
867.56 253.53 376.42 260.01
791.95 273.39 317.43 274.31
565.45 122.63 70.51 89.14
778.89 268.58 305.77 269.08
779.00 231.75 305.61 235.30
718.10 386.39 240.64 383.98
887.40 388.59 385.04 376.40
582.93 281.94 91.82 275.51
683.16 268.99 214.85 265.56
705.57 243.31 236.62 241.20
693.52 314.99 221.27 312.90
674.79 312.16 199.49 309.97
685.94 260.86 217.47 257.50
686.89 251.94 217.62 248.60
825.84 202.56 344.60 212.47
675.01 230.35 204.47 225.29
844.12 334.49 355.15 330.09
652.29 309.54 176.83 307.16
791.17 173.80 314.99 182.69
609.29 257.33 127.23 248.90
611.93 170.04 131.29 153.15
839.99 398.94 348.96 387.57
789.25 174.45 314.99 182.69
788.44 283.24 313.22 283.43
722.65 140.20 253.71 140.86
801.25 278.30 324.54 278.82
620.56 163.89 141.11 147.86
703.02 558.88 212.27 562.60
892.77 207.32 395.21 222.15
857.76 225.95 369.55 235.60
700.02 223.47 231.17 220.93
745.73 176.49 274.23 179.68
754.50 183.93 280.94 187.92
767.08 167.59 293.39 173.89
718.40 210.68 247.87 210.02
706.26 251.36 237.73 249.25
792.64 289.31 316.52 289.17
531.07 200.28 17.52 174.38
692.35 273.80 224.60 270.39
845.73 337.01 356.21 332.75
843.53 270.90 355.87 274.05
640.16 538.32 141.11 558.15
856.29 173.44 364.35 189.28
716.78 135.88 247.84 135.59
689.23 233.56 221.02 230.12
653.25 308.06 178.01 305.18
778.78 204.16 305.35 209.62
690.08 171.27 222.97 166.59
767.67 231.16 294.45 234.07
852.93 188.97 362.22 203.07
878.30 374.28 380.05 364.17
789.74 285.55 315.61 285.41
708.53 227.13 240.02 224.88
682.48 236.03 212.87 231.68
570.06 287.19 74.94 281.03
706.55 237.49 237.22 235.55
781.85 303.86 305.29 302.75
730.71 385.46 252.41 382.35
689.56 315.46 218.27 312.75
735.99 211.58 265.67 212.15
750.17 264.21 280.12 264.15
675.33 139.72 201.79 131.85
848.16 304.42 358.60 304.17
866.88 375.77 370.97 366.12
606.72 142.99 123.05 121.48
607.41 263.49 126.02 255.42
690.97 249.67 221.42 246.67
741.74 239.89 272.02 239.93
626.13 262.86 148.81 255.87
713.09 241.56 245.28 239.47
703.38 537.82 213.57 541.50
854.69 174.57 363.88 190.57
773.66 224.87 300.31 228.60
699.52 157.74 231.73 154.25
633.18 328.09 152.66 326.82
701.94 205.83 234.23 202.92
737.55 211.23 267.30 211.94
701.50 174.73 233.92 172.19
862.45 243.07 372.10 250.88
721.37 196.43 250.60 195.78
827.50 352.03 341.19 346.56
732.06 192.45 259.91 193.09
699.64 173.97 231.99 171.16
613.28 158.62 133.86 140.89
873.48 390.58 375.25 378.14
710.72 553.18 218.95 556.32
751.10 262.22 281.15 261.76
758.24 232.82 285.67 235.01
812.36 338.41 329.94 333.88
666.92 314.10 192.39 312.17
788.96 298.55 309.75 297.72
668.78 272.01 198.26 268.22
719.92 151.91 254.28 152.27
643.75 512.80 147.42 528.51
772.56 172.75 298.92 178.98
590.10 268.78 103.70 260.85
618.06 296.41 140.50 292.23
680.98 290.20 209.48 287.53
841.17 312.07 352.81 310.95
915.72 322.08 409.58 318.44
678.17 527.31 184.45 537.60
690.66 237.47 221.29 234.33
611.99 338.60 125.06 339.63
755.51 188.13 282.31 192.15
715.16 226.09 246.51 224.95
715.40 390.34 250.28 384.82
826.34 354.35 340.03 348.75
702.47 269.92 233.98 267.59
691.48 319.77 218.35 317.99
728.16 152.19 258.23 153.02
764.80 230.05 291.82 232.87
659.02 163.79 184.26 153.75
775.07 240.32 301.59 242.58
708.42 542.11 217.83 544.52
664.86 258.11 196.30 253.45
794.97 252.46 321.49 255.27
752.51 302.87 279.11 301.53
827.15 278.41 344.70 279.78
925.91 282.21 415.35 286.06
762.41 272.96 289.98 272.56
600.98 283.94 113.50 278.16
840.38 363.33 350.62 356.41
694.42 141.38 226.11 137.38
784.90 175.69 309.69 183.20
721.45 215.67 250.32 214.74
784.62 253.87 311.51 255.53
829.78 282.72 347.31 283.58
696.90 269.91 229.11 266.62
759.37 283.03 286.11 282.75
774.33 173.00 302.91 179.44
626.56 259.31 148.62 252.71
772.60 257.41 299.34 259.03
626.46 173.69 146.31 159.01
746.58 279.28 274.93 278.71
612.85 195.10 133.90 181.15
612.06 157.62 132.53 139.62
809.67 231.74 332.21 237.53
688.48 318.60 215.08 316.88
707.09 239.59 237.73 237.78
671.32 257.46 201.41 253.37
688.55 325.54 215.76 323.78
622.49 270.24 141.89 263.83
742.47 192.24 272.14 193.97
565.45 122.63 68.49 88.38
884.33 316.19 386.55 313.69
629.77 293.85 153.12 289.99
754.89 201.06 283.58 203.78
784.84 237.40 311.45 241.04
874.21 188.28 382.36 204.47
839.76 313.66 354.03 311.88
763.16 188.66 289.76 193.57
875.72 329.51 380.09 325.05
743.64 270.01 272.85 269.66
755.29 173.85 283.95 177.81
838.71 399.63 347.80 388.89
758.29 168.25 288.04 172.87
923.08 297.05 413.45 298.14
723.30 225.06 251.12 224.19
843.46 312.31 354.50 310.53
600.96 156.97 118.03 136.04
757.00 574.92 265.34 566.12
587.55 190.14 99.40 171.07
574.88 186.66 83.13 165.76
922.59 342.70 413.33 335.45
827.78 304.21 343.34 303.74
767.45 272.74 294.56 272.48
816.93 338.06 333.72 333.39
678.34 213.73 208.27 209.09
838.43 335.99 351.17 331.93
817.87 264.98 337.62 268.09
843.19 445.11 348.99 428.50
670.21 263.95 197.23 260.33
555.86 140.81 59.72 108.62
764.95 253.15 291.96 254.75
746.38 222.77 276.93 223.67
848.76 198.87 358.75 211.59
750.03 282.87 277.27 281.67
808.40 362.88 324.15 356.60
794.97 329.05 320.93 325.00
722.05 137.53 253.27 137.53
790.36 180.38 314.97 188.89
766.15 250.93 293.22 252.72
755.01 207.89 283.70 211.05
718.45 261.21 248.15 260.04
713.66 258.59 244.79 257.06
710.74 172.11 242.21 170.95
654.48 195.00 184.13 186.01
894.68 341.28 395.26 335.10
770.79 280.73 297.04 280.91
756.63 172.92 283.95 177.81
834.81 180.09 346.29 192.74
812.76 269.63 330.90 272.46
882.31 316.90 385.33 314.18
780.33 250.91 307.17 252.55
749.63 278.79 278.35 278.34
676.32 240.56 206.87 235.62
786.32 345.05 306.68 341.47
720.18 568.11 226.91 569.90
718.88 519.03 230.77 519.12
614.85 295.81 134.00 291.98
691.24 315.47 218.51 313.69
716.55 233.32 247.24 232.37
722.50 249.75 252.59 248.99
837.64 327.47 349.49 323.91
627.14 269.87 147.76 264.39
680.30 209.88 210.36 205.39
648.09 317.75 170.69 316.24
714.08 528.44 225.00 528.91
892.14 335.19 392.99 329.34
824.42 382.47 337.00 373.51
723.30 136.40 254.50 136.59
765.90 262.30 293.09 263.42
655.23 276.52 182.85 272.49
591.62 137.51 105.14 112.81
587.05 124.07 99.53 95.62
628.95 313.31 148.50 311.52
734.34 210.51 263.94 210.77
752.39 263.32 281.48 262.82
685.11 254.66 215.17 250.69
786.10 246.49 312.38 249.60
739.37 282.65 262.89 281.74
700.42 161.97 232.53 159.34
668.49 273.47 198.26 269.82
861.97 296.96 369.08 297.18
806.41 244.50 323.06 249.66
773.39 280.13 301.26 280.18
874.83 374.07 377.89 364.21
622.33 263.34 142.70 257.00
730.50 283.64 260.76 282.37
715.51 134.48 246.27 134.16
869.16 296.71 373.03 297.38
680.23 485.04 192.67 491.25
760.69 280.83 288.76 280.62
623.48 259.37 144.43 252.73
728.60 208.52 257.89 208.26
694.43 260.24 226.20 257.60
719.56 551.33 228.99 552.06
610.07 335.18 127.88 335.09
845.54 239.55 357.25 247.25
741.38 302.34 267.82 301.19
688.24 248.20 219.22 245.14
703.76 225.27 235.39 223.29
839.09 207.32 356.03 217.16
756.65 184.36 284.40 188.83
695.46 264.59 227.88 261.96
767.46 257.60 294.42 258.21
688.25 137.72 217.38 132.51
687.25 337.38 212.70 336.24
714.51 229.42 245.49 227.46
556.27 144.97 54.41 112.27
786.97 172.64 311.31 181.38
893.85 333.91 393.24 328.47
799.10 311.42 320.68 309.92
736.79 205.96 266.84 206.54
702.04 257.57 233.24 255.45
712.04 237.91 243.38 236.57
741.26 180.08 270.53 181.93
815.26 491.31 320.32 475.42
852.60 174.66 361.55 189.72
629.20 274.40 147.73 269.71
609.88 338.02 122.12 339.29
748.09 182.66 277.22 185.25
730.35 191.91 259.91 193.09
630.58 288.49 157.37 283.97
720.04 216.56 248.81 215.34
704.31 260.10 236.49 257.06
774.39 238.33 300.83 240.52
724.28 242.64 255.10 242.14
705.30 268.03 236.59 266.05
710.32 274.98 242.61 273.02
862.37 382.87 366.95 372.87
798.26 312.75 319.82 311.17
868.60 278.89 376.19 281.31
819.96 269.32 338.98 271.24
625.89 313.38 145.50 311.55
827.47 310.96 347.35 308.93
730.93 186.65 260.48 188.03
821.99 381.80 335.05 373.98
763.99 568.88 270.34 558.73
794.75 353.88 313.80 348.45
802.80 270.11 324.06 271.42
754.34 223.12 282.32 225.67
831.89 275.42 346.94 277.34
593.82 151.37 107.18 128.04
658.86 306.22 183.36 304.19
639.67 272.84 164.71 268.05
574.81 172.12 85.52 148.23
633.64 264.30 152.29 258.13
735.42 198.87 265.43 199.47
835.13 335.77 349.45 331.69
828.53 235.52 345.33 242.54
717.79 255.61 248.29 254.52
801.59 318.83 322.01 316.85
573.89 288.54 72.92 283.81
607.66 167.82 129.14 150.40
702.66 255.85 234.07 253.80
558.33 268.87 60.26 259.35
701.55 262.93 233.06 260.78
851.95 195.71 361.57 209.19
722.61 138.98 253.92 138.95
923.37 261.11 413.27 269.51
681.09 336.56 206.08 335.63
729.71 178.97 260.36 179.36
707.17 171.62 239.45 170.10
666.26 174.66 194.23 166.18
701.37 264.62 232.69 262.49
641.65 274.41 168.34 268.65
775.04 274.01 301.75 274.77
694.24 229.03 225.68 226.29
758.85 300.12 285.41 299.13
621.31 279.11 142.22 273.04
649.39 507.89 154.87 522.55
675.81 292.46 203.48 290.02
805.19 182.77 327.97 191.82
700.77 131.69 231.14 128.78
724.44 159.90 256.80 159.93
587.20 254.64 99.55 245.00
852.17 347.46 361.64 341.92
652.30 301.14 177.79 298.54
659.83 523.79 166.19 537.30
860.56 244.48 375.57 251.67
824.54 219.11 343.69 226.43
700.39 233.69 231.60 230.46
731.36 248.33 263.20 248.09
737.76 215.63 267.47 215.95
691.06 235.67 221.35 231.74
680.30 230.57 210.95 226.68
682.69 216.27 212.89 212.31
779.71 182.80 306.00 190.09
647.29 539.41 149.56 557.84
702.99 249.84 234.27 247.88
715.55 281.34 245.00 279.93
865.12 161.19 373.33 179.19
755.81 257.16 283.63 258.24
706.40 276.71 234.68 275.19
624.89 311.31 146.39 309.05
631.14 269.04 153.56 263.75
741.94 195.08 271.50 196.44
707.65 127.47 242.14 126.19
667.20 263.74 195.93 259.95
591.23 139.17 104.73 114.77
677.42 281.45 206.46 278.67
818.56 228.81 339.75 235.72
829.47 344.84 343.72 340.19
569.33 283.99 75.24 277.51
812.41 237.64 333.19 243.40
745.68 188.62 274.29 191.77
612.19 161.03 132.76 142.52
745.89 197.87 275.48 199.56
614.76 279.90 135.33 274.60
702.23 251.04 233.16 249.09
611.10 332.10 126.45 332.33
690.20 313.20 216.34 310.59
715.55 199.69 244.97 199.19
691.83 260.57 221.91 258.10
823.49 218.46 341.88 225.80
685.27 266.90 217.12 263.94
668.36 267.11 197.06 263.53
628.99 257.00 152.17 250.58
755.21 218.89 283.99 221.75
729.74 188.99 259.64 190.28
644.67 278.36 170.61 274.20
583.08 132.57 96.92 104.49
651.17 544.07 154.42 561.68
699.59 558.56 206.89 564.99
671.76 318.28 196.68 316.99
586.84 165.56 97.07 142.64
579.37 256.21 89.67 245.03
671.01 186.46 200.22 179.07
729.65 180.61 259.04 182.06
673.99 168.00 201.49 160.28
787.74 286.77 312.78 287.04
622.25 324.11 139.92 323.50
875.05 180.98 383.12 197.31
680.38 280.59 209.73 277.93
761.70 173.47 288.20 177.96
672.97 211.75 202.74 206.71
609.62 309.33 127.98 306.85
722.65 164.48 253.60 165.27
630.58 267.51 151.02 261.08
687.30 286.00 216.26 283.77
710.44 544.43 219.45 546.24
734.83 212.69 264.43 212.73
725.02 143.61 255.97 143.78
600.96 156.97 116.22 135.65
689.97 317.81 216.72 316.36
777.21 285.92 306.06 285.62
616.20 238.09 137.61 229.04
624.74 256.17 145.56 249.57
612.33 282.93 128.88 278.29
772.09 331.75 294.79 329.49
691.50 317.05 218.23 315.61
736.82 238.91 267.06 239.56
728.93 178.15 258.72 179.59
667.32 163.35 193.15 154.30
717.77 151.47 249.03 151.68
608.47 290.66 125.13 286.54
773.65 314.88 298.23 313.30
840.83 364.91 350.94 358.14
683.45 287.45 211.66 285.22
858.49 332.68 365.25 328.13
738.82 208.91 268.43 209.42
596.99 267.52 112.63 260.19
835.21 187.53 348.90 200.48
676.42 326.65 202.74 325.40
754.84 231.72 282.59 234.08
774.10 278.30 301.31 278.81
743.44 193.53 272.37 196.33
674.58 152.38 200.81 144.01
802.27 276.03 325.92 277.59
620.28 252.50 142.04 245.15
680.28 278.90 209.73 276.24
648.89 157.20 174.73 146.10
725.11 163.11 255.68 164.31
645.00 544.31 148.94 562.73
689.56 315.46 216.86 313.93
772.55 255.33 299.29 257.43
746.75 198.29 275.55 201.30
762.96 280.53 290.17 280.74
615.38 283.53 132.62 279.10
665.37 163.43 191.74 155.41
850.21 256.78 360.69 262.89
850.81 175.30 360.84 189.89
679.62 197.16 208.83 192.52
774.18 277.88 301.51 277.06
773.97 196.25 293.20 202.39
753.12 285.85 279.69 285.73
838.30 185.87 348.22 198.04
710.53 244.31 242.04 241.63
776.59 163.46 301.93 171.70
719.26 256.24 248.96 254.11
694.65 230.56 226.33 228.02
827.77 258.71 346.93 263.06
792.05 337.49 314.62 333.95
604.25 154.93 121.91 134.05
835.78 243.81 350.72 250.57
804.28 315.00 323.19 313.80
735.81 208.60 265.35 210.17
673.08 231.71 202.82 227.38
609.14 281.64 126.40 276.63
839.37 402.80 346.62 391.14
853.37 226.14 364.78 236.08
656.87 160.12 182.12 149.13
791.94 272.74 315.89 273.06
733.65 247.70 264.87 247.83
737.10 206.70 265.07 207.12
830.41 329.66 344.15 325.52
610.81 282.76 126.90 278.11
646.03 173.91 172.22 162.12
782.67 172.06 307.41 179.15
701.03 255.18 232.43 253.23
765.70 181.73 291.99 186.23
657.31 262.74 184.28 258.58
698.97 493.40 211.98 496.95
615.07 172.71 137.25 157.24
702.28 252.90 233.40 251.07
598.81 341.85 108.74 344.01
772.49 215.89 299.33 219.12
771.60 264.08 298.59 265.59
748.99 276.32 278.27 274.76
757.96 170.62 286.15 174.69
830.21 341.46 344.99 337.16
735.34 205.48 265.07 207.12
608.47 290.66 126.94 286.39
566.58 264.05 70.91 254.56
654.86 328.75 175.89 328.54
690.98 270.37 221.99 267.98
602.77 341.03 113.20 343.10
742.88 310.35 268.96 307.76
788.95 171.88 314.39 179.74
688.83 266.52 220.01 263.97
736.81 217.58 266.95 217.53
825.60 266.38 342.35 268.75
739.47 204.24 269.21 204.88
705.94 260.75 237.52 259.08
632.00 309.94 152.84 308.11
719.91 554.38 230.37 554.77
566.18 297.43 68.26 293.41
633.98 280.90 158.25 276.64
840.38 171.46 352.12 185.25
656.10 178.15 184.78 168.13
622.55 257.07 144.05 250.42
666.50 311.53 190.70 310.20
657.38 163.99 182.90 153.27
635.72 280.61 158.25 276.64
610.46 283.02 128.81 278.17
873.03 400.26 375.07 387.44
741.06 571.38 251.00 566.47
758.12 316.64 282.77 313.82
813.39 283.50 333.29 283.52
779.14 230.64 305.94 233.32
604.11 334.89 115.90 336.10
651.42 311.91 176.02 308.65
689.90 271.89 220.77 269.51
631.71 520.72 133.02 540.97
672.09 226.63 202.23 222.12
773.93 167.09 300.22 173.33
689.48 141.31 219.38 136.78
643.53 274.56 168.99 268.79
793.29 197.81 313.63 205.81
683.98 205.08 214.31 201.24
785.45 285.90 311.83 286.19
851.63 260.10 361.82 264.38
673.61 262.53 204.80 259.07
619.61 296.70 137.82 292.13
863.08 220.52 373.66 230.25
683.83 336.18 209.91 335.27
570.16 285.41 73.30 278.14
652.49 162.84 178.01 151.23
685.51 336.16 211.06 335.35
596.72 155.16 111.17 132.64
925.59 283.13 415.18 287.92
725.67 143.58 257.33 145.33
772.24 219.91 298.77 224.39
807.19 337.41 327.30 333.75
725.90 276.94 256.29 276.07
691.94 241.51 222.94 239.00
783.82 199.40 309.92 206.25
596.37 322.58 105.75 322.62
711.19 209.82 243.62 208.93
867.92 310.54 375.83 309.69
673.18 311.48 199.49 309.97
607.94 281.60 124.73 275.06
635.69 157.22 159.79 142.33
653.82 518.22 159.64 532.96
707.10 541.27 217.83 544.52
723.44 288.84 251.48 286.34
773.85 170.66 299.96 176.64
681.40 483.46 194.15 489.73
728.42 206.54 258.16 207.54
886.56 447.39 381.88 425.92
684.55 249.36 215.12 246.45
671.70 554.59 176.94 568.07
648.30 530.39 152.83 547.30
703.64 252.98 235.18 249.66
659.61 543.09 164.57 558.53
878.90 270.81 382.46 274.61
675.49 293.11 202.05 291.13
719.45 549.34 229.64 550.15
847.71 162.76 358.21 178.28
902.69 279.82 401.32 284.25
772.91 214.20 299.33 219.12
704.35 328.42 230.68 327.26
723.64 257.44 251.51 255.59
751.62 282.90 279.90 281.13
734.58 277.03 259.81 275.51
627.65 182.72 147.91 168.56
751.16 313.71 277.33 312.45
704.62 275.50 235.29 273.87
782.46 251.97 309.99 254.77
645.88 313.24 169.96 311.61
816.76 200.27 337.38 208.56
835.28 310.96 356.80 308.59
630.86 246.30 155.80 239.33
586.96 218.31 94.86 202.60
610.37 275.87 128.99 270.36
757.91 181.18 284.88 186.31
793.85 337.81 315.63 334.49
566.97 276.57 70.43 269.28
867.53 181.19 374.70 198.26
839.60 208.57 352.88 218.11
657.97 317.34 181.01 316.38
772.30 225.16 298.90 229.36
785.93 174.17 311.31 181.38
650.88 277.49 175.83 274.01
738.51 301.75 263.67 299.53
700.08 205.30 232.03 201.61
869.19 210.71 379.89 222.06
841.14 355.45 353.87 349.26
662.89 167.71 188.63 157.97
610.34 266.22 128.40 259.83
743.96 210.22 274.37 210.94
622.19 317.44 143.00 314.26
699.32 152.29 231.14 148.10
751.19 278.61 279.61 278.70
546.29 131.73 45.29 95.87
864.86 282.73 369.45 286.59
599.73 267.14 116.85 260.07
657.64 156.43 182.80 145.18
611.27 300.03 131.23 296.75
717.36 235.59 247.81 235.14
619.91 246.99 139.01 239.50
680.54 153.97 211.33 148.43
748.40 280.29 277.41 278.42
671.55 243.95 202.56 239.95
706.88 195.70 235.66 194.51
641.30 272.97 166.33 268.67
668.71 154.32 194.97 144.85
650.97 329.63 174.78 329.04
577.80 273.87 87.80 266.50
658.59 152.76 182.38 141.36
751.62 282.90 280.42 282.75
695.51 243.47 227.39 241.25
838.54 364.96 349.38 356.61
807.94 313.70 328.27 312.39
784.75 230.76 311.51 233.66
643.66 530.81 146.01 549.61
661.52 544.20 166.03 559.64
678.83 241.55 208.35 236.44
925.46 262.57 415.12 269.32
653.40 272.36 180.18 268.60
673.26 264.81 202.74 261.67
773.57 190.81 299.75 195.51
678.04 171.48 211.23 166.17
652.70 157.78 178.39 145.80
580.33 255.14 92.12 245.29
652.19 301.35 175.94 299.38
726.93 210.55 256.45 209.63
681.84 312.03 208.76 310.65
767.75 251.83 294.61 254.17
674.12 302.99 199.92 301.44
772.58 165.41 298.84 173.23
863.63 335.19 369.28 329.95
650.11 292.10 178.37 287.14
691.66 238.78 222.91 236.31
869.81 208.95 379.26 220.62
627.42 311.35 148.41 309.61
877.71 355.06 380.26 346.51
790.20 181.50 314.72 190.43
803.58 277.49 327.46 279.13
813.10 240.94 334.65 244.86
785.29 169.95 309.72 177.30
662.99 522.67 171.10 535.18
930.85 458.15 410.70 431.85
713.67 385.54 235.34 384.83
827.43 246.19 345.18 250.49
755.38 326.13 280.33 324.51
613.28 158.62 132.53 139.62
654.60 501.73 161.54 515.09
796.91 188.18 317.55 195.56
722.89 124.55 253.95 126.11
565.20 267.20 63.34 258.80
681.03 254.69 211.48 251.76
708.94 195.12 240.95 194.19
927.89 408.07 413.13 389.30
875.68 338.40 380.58 333.78
655.89 261.28 184.05 257.05
736.82 181.55 266.37 184.20
895.24 435.63 388.99 414.83
789.65 170.51 315.40 178.36
665.66 153.19 191.24 144.91
646.71 509.59 152.33 525.14
608.23 348.04 116.69 349.66
778.34 185.05 304.57 192.43
896.70 518.19 385.35 485.90
611.76 167.71 131.96 149.46
742.53 231.54 271.57 231.35
632.78 311.58 154.95 309.89
805.86 280.17 329.57 281.62
650.29 301.25 174.82 299.15
607.28 334.89 117.23 336.70
722.74 168.97 253.57 170.04
676.37 527.35 186.44 536.85
825.82 351.42 341.31 346.35
573.40 275.67 82.50 266.45
653.51 303.35 177.94 301.48
847.94 165.23 358.26 180.36
646.46 330.97 166.19 331.27
795.30 272.47 318.76 272.67
778.29 180.48 304.45 188.17
712.51 206.44 241.70 205.95
781.88 166.64 305.79 173.71
719.36 248.08 248.06 247.82
744.82 261.45 274.88 262.01
725.82 208.00 255.30 208.87
639.80 528.01 142.65 547.11
772.29 221.84 298.83 226.40
722.05 137.53 253.92 138.95
688.78 339.58 214.20 339.01
654.85 526.72 160.00 542.26
725.01 173.78 255.97 175.15
705.98 256.95 236.99 255.62
648.98 510.30 156.32 524.85
658.53 260.53 186.47 256.55
709.17 277.04 239.70 275.78
704.23 254.72 235.67 253.27
653.61 313.24 177.29 312.05
707.47 126.19 238.87 125.03
669.56 266.13 198.47 262.99
772.49 215.89 299.18 220.85
815.49 284.92 335.96 284.43
776.96 168.17 303.96 174.51
716.13 209.09 246.27 209.00
765.97 194.80 292.09 200.38
794.51 274.40 318.85 274.23
668.99 268.67 197.93 265.58
576.67 188.16 85.50 166.40
778.34 325.61 302.02 323.71
834.81 363.63 344.82 355.90
722.04 151.79 255.53 153.18
704.49 333.11 230.38 332.23
795.16 170.94 319.01 179.31
789.02 274.21 314.22 273.85
565.33 265.02 64.29 254.25
685.71 318.69 211.48 317.82
674.32 285.29 205.35 280.60
680.61 448.79 195.60 453.72
831.07 281.49 346.99 282.03
649.80 332.93 170.02 333.37
862.07 212.81 373.62 223.20
654.00 301.25 178.62 299.35
860.49 328.88 367.14 324.33
712.33 236.12 243.83 235.39
622.69 293.31 147.51 289.56
789.97 273.41 315.86 273.01
652.49 159.29 176.41 149.20
711.38 214.44 243.62 211.70
884.33 430.29 382.10 410.63
710.39 215.30 242.57 214.56
619.99 268.26 140.88 262.75
843.16 182.73 355.09 195.29
692.40 232.58 222.21 228.23
848.14 166.87 358.40 181.73
640.16 538.32 142.82 558.26
840.13 398.78 347.05 387.22
648.90 254.38 175.42 249.58
693.24 138.58 224.99 135.10
931.03 459.68 412.50 432.05
604.43 167.17 124.07 149.63
676.20 245.95 206.05 240.51
790.17 287.13 315.47 287.81
746.50 262.25 276.32 263.00
655.24 286.56 181.42 281.66
608.26 240.25 127.47 231.16
845.09 181.23 354.87 194.14
735.11 248.38 267.09 248.91
692.20 264.57 222.97 262.60
681.45 165.44 212.41 158.42
812.85 345.32 331.24 341.26
699.52 155.78 231.59 151.43
771.73 285.86 295.85 286.77
649.62 248.11 177.37 242.96
590.87 270.78 102.70 261.94
864.81 308.01 371.70 305.96
803.88 281.15 327.43 282.69
687.91 491.61 200.17 497.63
697.42 324.01 223.49 323.24
725.82 220.28 255.13 218.86
688.72 241.12 219.73 238.68
814.17 314.95 334.50 313.54
810.48 314.42 330.71 313.23
841.19 223.99 355.41 231.51
708.61 157.83 240.85 154.88
681.76 142.69 210.68 137.14
685.59 161.23 220.02 154.86
784.19 195.57 310.23 200.79
555.31 142.47 54.86 108.55
618.40 534.48 115.72 560.13
604.48 261.41 122.40 254.34
627.76 260.49 148.62 252.71
547.73 133.30 45.29 95.87
609.14 264.92 127.04 258.61
683.62 484.16 197.28 490.12
791.08 253.48 315.31 254.87
788.63 346.42 309.12 343.33
678.59 381.54 200.07 380.73
659.06 264.53 186.16 261.00
756.53 232.15 283.41 235.18
668.59 308.58 196.44 307.01
739.28 219.05 268.86 218.76
813.26 494.89 319.48 477.72
620.50 164.88 141.12 149.92
661.33 167.78 187.30 157.48
634.80 158.62 158.26 145.64
740.94 261.83 270.33 262.51
772.58 165.41 298.85 171.16
712.12 353.11 236.75 352.34
923.44 263.18 413.27 269.51
786.97 172.64 312.23 179.74
602.03 117.29 117.32 90.61
626.43 255.97 149.52 249.87
577.80 273.87 86.27 266.98
573.89 288.54 71.79 282.23
603.50 142.49 121.33 121.89
656.92 259.25 184.47 255.34
698.30 327.26 224.86 326.50
725.09 167.37 255.68 169.05
845.85 215.28 357.28 224.22
746.16 206.42 274.94 209.61
661.30 325.29 188.72 324.26
664.71 165.30 191.74 155.41
764.94 258.51 291.89 260.65
648.75 343.40 169.94 341.90
651.02 542.13 155.89 559.54
866.77 182.47 373.39 199.70
664.38 163.83 190.52 153.77
778.71 202.42 305.68 208.99
722.11 552.99 233.41 553.01
595.03 152.72 110.84 129.20
631.00 314.46 152.19 313.39
695.91 140.63 226.92 135.26
835.97 340.93 348.78 337.36
785.39 167.01 309.94 174.22
626.46 173.69 144.92 158.02
642.49 316.12 164.19 315.41
573.98 287.40 81.61 282.28
686.39 319.95 211.78 319.41
745.73 176.49 274.83 178.22
779.74 184.73 306.00 190.09
602.08 308.80 121.42 306.45
585.22 282.54 94.45 277.43
779.71 182.80 305.68 188.28
757.01 333.22 281.68 331.61
864.34 376.54 367.65 365.75
886.60 441.29 381.14 420.61
729.45 190.11 258.63 192.04
703.58 348.02 228.07 347.71
865.69 173.25 372.69 189.03
601.57 266.07 117.94 259.54
748.09 182.66 277.53 187.02
634.48 315.83 155.90 314.97
848.76 198.87 357.80 209.95
717.81 142.26 248.88 143.19
910.71 523.11 395.04 487.79
735.62 210.52 265.43 210.02
658.29 247.95 186.81 243.66
812.42 243.15 327.39 249.74
656.09 263.60 182.36 260.07
738.04 301.42 264.01 301.26
769.33 168.80 296.15 173.82
805.66 317.55 326.07 316.38
753.35 318.35 279.69 317.30
752.57 338.41 277.19 336.75
666.57 177.38 193.81 168.24
685.38 336.96 212.73 336.33
842.63 297.75 355.82 299.06
676.36 306.01 201.88 305.09
644.72 318.66 165.37 318.41
646.51 320.58 167.05 320.50
649.21 140.79 175.30 129.34
723.61 211.82 252.16 210.14
705.25 255.38 236.99 254.29
755.62 249.02 283.64 251.27
757.97 168.26 286.30 171.80
728.60 320.01 254.68 319.34
872.89 188.70 378.88 205.80
727.28 168.69 258.84 170.84
679.76 247.49 210.04 242.03
644.90 253.15 169.12 248.45
727.94 272.87 260.32 272.50
723.84 207.93 252.87 209.03
734.71 306.26 262.05 305.74
758.05 264.60 287.18 266.04
596.03 159.28 109.73 136.53
748.13 328.67 273.65 327.48
896.11 333.76 394.03 327.58
735.56 316.26 261.50 312.85
741.21 221.66 271.97 223.96
764.56 232.96 291.10 233.93
784.55 289.16 315.39 289.07
762.36 283.01 286.83 284.24
648.71 247.13 174.44 242.31
677.31 389.99 198.17 389.34
751.91 317.27 276.67 313.83
650.15 301.16 176.89 299.19
745.28 190.74 274.29 191.77
750.91 194.59 277.84 198.97
607.48 251.52 125.87 243.91
605.90 335.77 116.11 338.09
814.57 494.49 321.47 476.44
783.03 235.29 310.14 240.03
764.46 216.94 290.88 221.62
601.63 340.90 111.23 343.82
576.12 265.34 81.14 257.62
877.38 382.68 376.95 370.41
614.74 302.73 134.93 297.51
675.65 262.36 207.84 259.59
925.71 183.17 414.94 203.15
739.58 225.91 269.15 225.14
728.21 256.21 258.06 256.70
715.31 241.72 246.85 241.55
744.42 287.61 276.01 287.27
578.08 255.42 87.71 246.12
629.23 243.70 149.60 237.31
752.95 285.59 281.64 285.93
815.56 192.78 335.47 201.07
724.72 217.13 253.30 215.35
646.05 274.47 171.98 271.06
669.77 179.75 198.68 171.06
793.13 353.32 313.38 349.75
648.61 250.57 174.63 245.97
645.55 254.84 169.03 250.46
857.27 164.94 367.00 180.66
720.40 518.31 233.82 518.55
703.85 237.39 235.97 236.38
736.92 214.08 267.32 216.35
865.95 252.28 376.42 260.01
840.81 217.78 354.26 225.70
715.98 253.89 246.16 253.75
841.81 403.88 350.60 393.49
772.26 261.56 299.28 264.04
643.66 530.81 147.63 549.52
576.11 274.58 87.13 267.70
861.98 227.43 370.92 235.61
717.54 184.26 248.65 182.03
626.59 175.82 144.40 160.10
736.82 187.48 266.98 187.54
725.07 212.63 253.93 210.90
821.70 296.37 333.69 295.68
612.06 157.62 133.86 140.89
648.21 193.47 178.81 185.49
570.61 152.61 70.99 123.17
609.29 257.33 127.89 250.57
917.06 309.02 412.06 306.05
785.23 174.79 309.73 181.19
653.95 528.49 159.11 544.87
764.65 283.90 283.58 283.01
586.82 236.63 101.34 225.50
716.87 240.00 247.73 240.09
681.98 484.21 194.45 491.34
783.94 182.91 302.64 188.61
712.93 354.26 237.40 353.87
803.40 272.79 321.28 273.29
856.11 326.96 364.20 325.28
762.43 328.09 287.74 326.74
773.13 330.11 297.16 328.56
725.83 196.62 259.58 195.10
651.93 497.50 159.37 511.50
673.90 169.69 201.83 161.08
721.92 391.88 246.11 390.42
785.61 315.09 299.60 313.15
910.36 442.22 404.22 419.74
835.84 348.93 349.84 344.43
647.13 266.03 172.77 262.38
651.58 512.36 158.11 527.68
665.22 181.68 194.16 172.29
618.06 248.32 138.75 241.43
774.53 219.22 301.27 224.74
812.33 191.44 332.49 199.39
539.05 232.20 26.74 212.36
742.54 196.52 266.71 200.19
925.34 253.92 415.05 261.43
642.21 318.04 167.04 317.28
718.25 145.24 250.16 143.33
722.75 173.57 252.45 175.26
687.58 222.19 218.72 219.90
647.32 543.71 148.25 560.60
678.37 209.80 208.25 206.33
794.89 174.36 318.98 181.81
645.23 530.18 149.21 548.76
770.85 315.64 296.61 314.86
594.32 279.33 105.24 274.67
727.53 215.38 256.58 213.68
682.35 161.08 213.49 153.52
691.70 251.46 221.42 246.67
644.11 528.09 148.26 546.66
778.57 189.51 304.82 197.37
770.57 312.87 295.80 312.41
648.31 319.37 168.09 319.75
834.59 254.24 356.84 259.87
620.09 250.77 141.02 244.35
617.93 291.25 138.77 284.82
571.19 270.17 78.50 262.80
702.83 259.64 235.31 258.70
924.96 284.17 415.35 286.06
924.55 194.11 415.14 211.80
808.83 230.31 332.21 237.53
653.40 247.93 179.39 243.87
594.99 277.36 109.50 272.23
779.06 191.57 305.42 199.42
851.73 257.19 360.54 264.58
810.87 188.74 331.56 196.65
565.92 255.60 74.39 245.48
601.84 122.71 117.44 96.15
703.45 216.82 232.57 216.22
732.45 271.64 262.28 272.19
573.42 188.00 79.59 164.89
730.46 218.70 259.37 217.08
771.37 250.93 298.61 254.34
622.20 372.64 137.08 374.24
903.16 513.75 389.87 480.41
778.80 196.81 305.08 204.34
787.38 245.41 312.79 246.51
864.70 182.74 371.44 200.32
636.22 527.41 138.55 548.18
770.77 171.54 296.18 176.06
599.79 353.66 109.05 358.44
698.69 317.66 227.73 317.03
730.17 174.87 261.18 177.74
660.53 181.89 190.43 171.65
628.46 292.35 149.48 290.12
589.45 365.50 93.23 372.85
616.26 354.03 135.71 353.02
886.20 175.41 392.31 192.41
859.15 161.71 368.71 177.68
644.07 159.39 163.94 144.80
746.49 200.12 274.33 204.24
692.64 160.53 224.04 154.39
626.58 156.86 153.48 143.21
640.91 230.32 168.30 224.11
935.15 172.96 420.69 195.17
679.65 218.27 209.42 215.39
704.03 351.99 228.49 352.25
757.28 285.69 272.71 284.81
731.24 257.25 259.69 258.45
681.36 161.95 211.47 153.99
682.30 511.18 195.80 518.72
670.79 232.31 201.86 228.93
611.99 173.39 132.00 154.82
632.18 250.32 160.08 244.63
864.45 281.44 377.40 285.03
634.65 184.21 154.64 170.12
886.42 172.03 392.26 189.49
745.62 225.56 275.43 224.80
678.33 145.52 204.43 140.07
746.08 282.35 266.73 280.51
683.33 211.78 213.45 209.18
877.15 339.72 380.58 336.23
560.32 263.36 60.12 254.73
651.69 241.99 177.83 237.65
655.31 257.91 183.00 254.55
859.34 197.54 365.67 212.98
819.25 246.82 340.07 249.39
793.51 205.43 317.77 213.92
838.60 338.08 352.12 331.15
629.00 160.63 152.12 143.69
772.05 159.82 298.27 165.02
694.24 244.56 227.39 243.25
852.85 197.52 360.77 208.46
822.52 283.16 341.16 282.16
656.30 170.04 184.27 158.36
726.75 194.47 255.33 196.71
666.82 128.95 192.57 120.69
910.52 521.25 394.03 486.00
900.53 402.71 394.43 389.48
882.42 380.30 383.44 366.60
736.81 217.58 265.46 216.33
692.62 136.48 224.68 133.81
761.63 257.99 289.06 260.79
724.08 276.53 255.96 276.66
912.78 286.23 401.23 288.36
580.43 261.33 89.80 253.68
631.93 363.72 146.81 364.21
682.77 248.99 212.78 243.13
708.26 270.72 239.25 270.49
708.09 166.64 240.15 166.81
608.32 255.43 126.28 248.99
682.49 246.70 212.36 240.76
691.73 132.09 223.65 129.23
726.80 201.14 256.41 199.18
802.77 327.84 320.59 322.92
627.58 161.44 149.29 148.31
641.10 529.00 146.42 548.04
924.52 229.31 415.16 240.52
673.29 266.08 203.87 264.11
630.61 319.65 150.68 320.03
785.95 264.31 312.47 263.39
845.65 230.64 361.84 240.68
620.12 359.63 136.03 359.54
750.41 284.73 272.22 282.49
578.19 258.85 87.20 250.80
556.32 140.64 58.72 110.19
760.67 191.15 286.15 197.52
609.22 302.64 124.94 297.04
644.44 529.25 150.37 547.59
791.82 186.22 271.64 192.37
842.05 353.42 355.78 348.54
599.26 264.86 116.63 258.86
718.24 147.91 249.52 149.83
845.91 320.33 364.78 318.22
594.33 345.58 101.61 350.20
551.75 247.71 51.71 235.77
620.59 284.68 141.75 277.26
653.62 253.83 180.95 250.50
841.28 226.93 355.08 233.00
643.89 251.18 171.77 246.91
622.52 362.92 137.93 363.07
642.45 184.00 171.32 170.83
674.13 224.51 205.43 221.60
629.99 276.13 149.91 268.70
582.93 281.94 91.53 277.67
761.81 200.96 285.94 207.15
771.76 315.63 298.30 315.34
862.13 332.15 368.12 325.89
588.49 286.03 100.96 282.28
606.13 274.80 124.69 270.38
839.80 369.10 350.52 363.50
555.20 144.18 53.47 109.25
621.57 281.43 143.47 273.61
700.05 209.63 231.91 209.16
594.62 342.06 104.79 345.79
861.75 377.39 363.57 366.17
615.92 176.17 135.81 158.03
753.55 209.58 280.98 214.56
624.07 307.96 145.80 307.20
783.80 312.30 312.89 311.53
743.11 307.26 267.83 303.37
574.99 137.53 87.69 106.66
780.91 196.58 307.94 204.91
859.17 159.71 368.89 175.37
752.06 324.35 279.31 323.95
611.36 291.35 133.25 283.72
804.51 359.82 319.37 352.29
608.97 235.98 127.90 227.89
691.30 256.63 224.19 255.68
870.41 177.22 377.38 196.69
605.59 277.52 117.95 274.13
700.03 212.16 228.77 211.89
692.09 167.91 224.15 166.12
608.69 335.01 126.89 336.84
631.12 244.49 156.47 239.01
882.92 441.47 377.56 420.19
609.68 263.21 125.61 258.25
938.99 547.04 413.16 502.73
598.21 159.88 111.82 136.49
944.15 151.22 429.46 182.51
790.12 193.87 315.57 198.46
827.02 182.20 340.11 191.73
685.11 254.66 215.18 248.61
589.73 320.59 101.37 321.48
624.77 244.73 146.36 238.97
595.21 97.39 110.27 70.27
783.88 211.72 309.97 214.38
843.51 266.74 356.92 272.99
797.16 248.29 323.75 253.78
786.56 208.48 307.88 216.86
826.76 282.48 344.94 281.00
626.62 260.93 148.76 256.72
754.89 314.63 278.88 310.21
664.83 227.09 195.35 223.73
636.78 248.64 163.05 244.09
724.96 151.04 253.42 148.93
609.32 245.85 127.40 239.10
707.46 142.62 238.89 143.20
699.23 150.63 231.00 144.59
548.46 395.03 39.29 405.28
782.94 322.16 308.34 321.69
620.32 245.26 139.01 239.50
540.91 291.12 29.26 287.62
603.21 118.71 123.87 97.01
682.69 377.07 203.68 380.11
726.44 273.40 257.27 274.50
576.98 275.31 85.14 270.09
651.48 249.12 179.93 245.75
756.62 169.71 292.78 177.25
806.09 337.53 330.92 334.74
772.31 234.17 299.04 239.72
822.39 194.55 341.49 202.03
707.28 218.83 234.29 219.71
546.29 131.73 45.24 97.80
642.19 281.86 162.67 275.05
805.51 339.61 330.19 336.72
775.48 314.06 301.76 314.35
819.80 387.39 333.08 375.68
709.84 166.07 238.57 161.48
626.44 291.77 149.48 290.12
859.13 418.64 361.33 401.51
914.93 208.10 409.98 221.47
923.54 258.02 413.17 263.60
726.59 387.51 252.63 386.60
809.99 317.41 330.91 317.58
649.76 269.53 176.33 267.43
683.32 215.13 212.60 207.81
623.88 240.88 145.49 235.10
628.07 236.10 151.91 230.23
781.53 278.22 310.08 280.91
589.17 291.36 103.89 282.75
780.27 345.45 304.06 343.93
839.61 322.52 352.80 322.60
665.27 187.44 194.52 176.95
720.50 255.45 246.81 257.43
683.56 163.55 212.04 160.77
809.42 221.84 333.79 231.11
623.59 283.43 142.30 275.60
677.51 143.16 203.28 132.46
754.37 165.97 290.93 173.76
664.73 193.02 194.45 182.59
712.62 204.27 241.70 205.95
843.13 405.59 347.76 391.44
715.52 137.23 246.71 139.64
678.55 264.67 210.18 263.89
845.43 162.98 356.89 175.88
574.91 271.67 81.95 259.96
708.31 173.71 240.41 175.02
854.72 310.12 364.76 305.40
613.64 381.64 128.15 382.78
901.21 353.20 396.75 348.85
689.82 173.04 220.66 165.27
603.28 144.38 118.57 119.28
689.00 130.68 221.29 128.52
796.20 218.62 320.81 227.56
785.61 350.33 308.31 348.76
574.49 279.97 82.92 269.14
662.09 242.13 193.19 239.75
854.72 310.12 364.76 305.40
